list length:  500
Before
-352.0521227410012
-394.4495100397114
-327.3224193978359
866.2112443168476
368.5420634960126
338.29645276843394
102.45848644554349
104.42165945855913
-16.12156975745836
-786.3604380437956
361.218967288617
-789.1466798751976
-685.8210656190557
170.77160603393213
932.223513917419
-478.14626238481367
128.9610111365414
445.58518008790224
-807.3366246433206
-600.7951844475639
-114.0093734310799
549.022109086734
721.7631125326491
-431.20376178552044
262.90983209744263
-815.1543845754417
615.225223244966
461.357121799374
443.18315456423124
716.0540590781693
837.2234995699998
177.46782633292628
-328.0078310906043
-664.2609789787382
165.12785349418164
-8.966329306035618
177.33998722269143
-532.5287739139542
-528.9956664487008
695.0067286372673
720.7259643258351
552.2448513688912
175.9075827913216
588.3973626669106
-424.45333607334805
791.3587751724383
266.8379115970272
-998.1849482254304
326.35747166138935
437.2577174585499
-935.9398709518321
-214.06346899169534
-182.28057738546568
-495.34429601121553
19.760731615388977
-360.1949779802691
305.1153047719249
-88.04708364292321
281.5464092881523
-222.52070138257295
621.7317751920225
-12.747715402274821
959.4193580375465
-217.7214792143227
-412.711980054705
678.8231490813212
-968.6488035120444
-145.1441556871091
-285.3403587428023
192.08890319526085
622.1853183132114
771.1098783459338
983.376699571284
-237.76905278452375
-178.13072798489452
-802.6053802600985
895.7878853577465
-590.5849090544331
-833.019001506968
298.8588334951112
843.1240886594012
798.1289089447473
-436.0466413309807
408.0743251432036
177.09301992689598
235.53021843773536
-50.707557702048575
960.8754413874938
127.05861801758101
-881.2382673473334
969.4152095018167
-904.2459308822835
-835.7701492158409
-564.9048665050882
-36.815328412673125
-36.424458897366094
471.0624040210264
-341.9650302642141
-546.9766564338214
-57.55745346045262
-932.6287356521949
188.49392183599502
-122.5580509595552
-342.2673967850784
985.3957420478007
236.0630981831025
-120.09569434606271
479.46675861067115
-313.14879357016025
-90.69737340631548
-143.75307909616515
-995.5011440176203
790.1793799494549
88.85055150679545
894.6894092837078
-293.41946665761975
-152.16302011876292
126.94564068501495
609.8342497034032
-399.461804892312
363.41087313253
455.8740233447222
-767.8031644116288
908.4111026056032
666.2730324908173
771.3824901712749
284.18394818637853
495.0463439092082
220.22993889824215
486.43939704924696
160.72274202434278
-311.0311457591746
-155.13663525840718
865.3975476207222
412.03851205240244
-833.3229247682783
-890.8077527452057
-643.0505306547756
-644.8477169065129
-269.7859567205729
-893.4792030557792
-232.1506442816741
740.8410579639108
-33.33391736540216
-248.86782449682585
-761.0712155708719
226.6816827106236
-811.008298118693
148.96520402463852
-582.1162453958316
-563.1508825017346
385.9141737157461
-572.5905052494898
261.4625182403986
-222.90137583344642
407.13316385563394
-447.4370107892471
-102.09351225361706
928.9172871998012
-866.2815528598671
-223.165812938263
-206.32315220551595
-422.67040844748146
-870.4305853797789
624.5909403974808
-82.59102348043905
-225.08148036634884
592.0826379626856
-39.017331901450234
-852.9146898057942
-533.0339790759233
-400.89177800361915
-408.1748451796054
-60.14836901443596
-613.5889078854132
-840.588564425351
265.2246871389782
294.34480723468437
269.0765300194289
-584.7852373435443
-283.06534883504366
-30.634866984751625
-805.1081023537397
-656.3539606074153
-264.767277798009
-115.56821669858584
999.9041635581657
350.6339827859838
-198.7375578092499
533.8770488626385
660.3982845860266
281.85866037265805
500.6630488603439
709.3374434759603
322.58163135690734
-964.2898781992421
560.069117589763
-916.7902925792744
630.3791065313712
809.7618414436827
937.0468343158864
-410.9893294596334
-65.35914729889055
-849.4016306379762
-257.3071161243847
-549.5984028933241
-747.0928953997225
-546.4560080785711
47.55854185166049
702.6672946735357
964.3798928930244
-267.97809204261887
784.119632352393
105.07901250293685
-178.56307375718723
415.3593938539518
-934.4111465665683
922.6986723235148
99.01329261872388
-489.8969482550948
503.031180953388
-872.9068572529022
735.3146349263457
-224.43256790780117
-415.4859247295193
-603.8330017488568
-865.6189666626843
144.60162244548746
-46.091820899095865
-859.2187979424517
-178.71288852470695
844.6738510795931
-308.011452755296
581.9216803717206
-328.2727028206871
-599.0166310768403
-191.16028029291067
444.2102975741559
216.14873440869428
924.4701247329533
-896.302358288191
-570.7249986229317
-501.21210247900905
211.1431223057034
-130.6190976005213
-468.6683546954599
330.4148557943629
-497.6194594949157
643.7171549589139
824.6228290706804
568.5959348690537
-301.4411989422132
414.03505966021703
407.1452804878861
-890.0350712820319
443.58491935745906
951.4841750776495
486.69277604813783
-534.8025719414761
303.4274240976076
715.409120862299
586.7271449117995
-976.5622449129274
-10.326171050117182
-273.32466567246456
-484.2938846060731
-232.72661947746997
135.0732505831786
-632.5312409414374
-794.1782281314682
-16.15897863960413
552.568057651833
-88.91530828187786
100.59038825551761
203.58916633110698
498.3720360520467
208.94832318630165
44.271854343862515
-215.4408962847632
-83.98216984327769
96.6451872186517
269.72216287830156
769.5609527369916
-478.8509231800766
800.0350657236404
-521.8350394081168
788.330321334975
-268.90995764223294
-487.7981127209854
84.9830865125698
-335.18824136855324
-466.5089501014845
-655.6209657504701
-955.1773348749883
-311.4900463483285
999.3903385972039
151.52149978219836
-494.2105931368799
851.9537319962033
468.0316101258695
543.0220836894077
-56.55115232640219
-513.2604418771973
-195.2829303481425
280.0938122940988
3.409676964980463
853.2884451521825
-53.91459298765096
-18.99680652846871
-870.3850557932326
-703.5624960304785
-286.55907059686433
983.2127753459172
859.6821861261626
-64.54216708582214
168.21692032634837
839.0032107582342
346.68355192564286
126.6728237088605
-924.1673889125897
-283.68203814743583
926.5597987102601
514.1485423696718
-614.9495568915353
-902.0129372417387
-416.65549636392325
-428.50357087467785
926.5372818057708
-37.08713327833641
-724.4062725735917
309.8923479857299
168.0294550498313
269.6697046116976
892.7169683799737
473.2737042658589
-624.4561787920895
-45.9650010031005
-51.37241282235675
-87.90790895190264
-235.08233655270953
125.30001266904014
-844.8529709364709
584.341023956769
-862.6259603953752
888.1945719777984
15.902183457023852
275.7895509926052
980.511185779181
-466.0157676313929
908.4489986945541
-534.6390784632986
497.64104641673794
-8.669081727036996
-164.83151972258065
358.8832885852903
44.95059338890678
542.2692153575583
-235.38878565972902
146.64722019792248
15.244069569959834
443.38095841108407
-855.6914849231589
-773.4612662045611
-81.13876813787454
-714.0048055028087
-260.77287933805087
342.7285182597841
953.9852920750516
-705.3386195896054
-552.775427904752
249.4874028306226
203.04591117351538
-530.2874649021531
774.2209003002724
-910.1300675181905
-357.63869505826085
371.76781709914394
753.6458290968044
400.76724036607516
-5.796684523961858
778.9986816865169
551.9221539094231
414.08045540645344
560.7723022194318
-47.47683210669345
249.75376338133992
-508.4282952703152
-375.2166718056435
826.6622378707216
872.3644374195496
428.8380638754654
-644.3498860761055
559.8774317802252
-75.82669928836651
489.9610462074843
-599.8060783896303
967.1170703679163
408.54042094514034
-154.3085613484236
-653.9732433933578
475.94494637071375
-557.4060086831323
228.40384989935342
826.3289416627542
-398.9795821954591
247.49784960919033
595.9805769457871
-112.93070522601863
-148.2272446020911
605.9502474759336
382.9136710878263
-592.549708526635
-203.3047407927719
-222.74315359851676
255.26512152919895
976.514444312955
727.5572775554112
-690.4443816032277
-474.79861899237494
561.9820567617517
-729.7410943475231
-0.8136967862881193
154.45836759095914
66.55847179377633
-808.2439981184382
864.25002625713
-286.3900001352923
976.6859374075382
-516.2405243823998
-38.82929645729985
-151.3982368059808
-617.6980379470831
443.05614993121867
-847.7245056980657
535.6313148303
-560.090112269955
-922.5136567778638
722.2614642856097
-436.77995047090826
-939.7530274369179
-407.6909555031243
-925.2508453845385
841.0355964733471
-689.0123652814632
-866.6934443958314
-991.2284363621717
403.3984335183329
113.27044516627257
-230.6388902242469
-373.5171996359186
18.296298363443384
-298.8984081372565
380.8490322905425
323.86767006394757
902.1505398552795
-499.6190752529661
86.98566107187276
721.5499840909324
882.4932273783274
522.4709511413189
-893.5477091585651
645.6447953677016
-972.6536214755146
-306.15523928422544
228.27372231892673
-351.480736270404
584.5856470505237
-244.71709746001818
-661.2443000465157
-408.14085887241606
885.8942560328946
362.36505331605895
-0.9740117352253037
-0.9159249205288233
290.23786915153255
765.9767279347325
-257.686097809781
140.04874568247214
48.26685725214679
72.30326983313284
-276.6298782849541
210.82869791314647
555.5625336134992
-39.533878949403515
-592.4263210960889
868.5570022971247
407.36512644802247
-8.094535576728617
770.4091442409863
-589.6132815859874
-994.8731433741314
-497.0963345935058
217.08333377602298
357.65824103132604
-489.89785277909914
961.3783984512743
919.3943480169353
-858.1549758020428
275.6948706158348
516.4535339741592
Sort type: Up
time:0.042s
Count: 488
After
-998.1849482254304
-995.5011440176203
-994.8731433741314
-991.2284363621717
-976.5622449129274
-972.6536214755146
-968.6488035120444
-964.2898781992421
-955.1773348749883
-939.7530274369179
-935.9398709518321
-934.4111465665683
-932.6287356521949
-925.2508453845385
-924.1673889125897
-922.5136567778638
-916.7902925792744
-910.1300675181905
-904.2459308822835
-902.0129372417387
-896.302358288191
-893.5477091585651
-893.4792030557792
-890.8077527452057
-890.0350712820319
-881.2382673473334
-872.9068572529022
-870.4305853797789
-870.3850557932326
-866.6934443958314
-866.2815528598671
-865.6189666626843
-862.6259603953752
-859.2187979424517
-858.1549758020428
-855.6914849231589
-852.9146898057942
-849.4016306379762
-847.7245056980657
-844.8529709364709
-840.588564425351
-835.7701492158409
-833.3229247682783
-833.019001506968
-815.1543845754417
-811.008298118693
-808.2439981184382
-807.3366246433206
-805.1081023537397
-802.6053802600985
-794.1782281314682
-789.1466798751976
-786.3604380437956
-773.4612662045611
-767.8031644116288
-761.0712155708719
-747.0928953997225
-729.7410943475231
-724.4062725735917
-714.0048055028087
-705.3386195896054
-703.5624960304785
-690.4443816032277
-689.0123652814632
-685.8210656190557
-664.2609789787382
-661.2443000465157
-656.3539606074153
-655.6209657504701
-653.9732433933578
-644.8477169065129
-644.3498860761055
-643.0505306547756
-632.5312409414374
-624.4561787920895
-617.6980379470831
-614.9495568915353
-613.5889078854132
-603.8330017488568
-600.7951844475639
-599.8060783896303
-599.0166310768403
-592.549708526635
-592.4263210960889
-590.5849090544331
-589.6132815859874
-584.7852373435443
-582.1162453958316
-572.5905052494898
-570.7249986229317
-564.9048665050882
-563.1508825017346
-560.090112269955
-557.4060086831323
-552.775427904752
-549.5984028933241
-546.9766564338214
-546.4560080785711
-534.8025719414761
-534.6390784632986
-533.0339790759233
-532.5287739139542
-530.2874649021531
-528.9956664487008
-521.8350394081168
-516.2405243823998
-513.2604418771973
-508.4282952703152
-501.21210247900905
-499.6190752529661
-497.6194594949157
-497.0963345935058
-495.34429601121553
-494.2105931368799
-489.89785277909914
-489.8969482550948
-487.7981127209854
-484.2938846060731
-478.8509231800766
-478.14626238481367
-474.79861899237494
-468.6683546954599
-466.5089501014845
-466.0157676313929
-447.4370107892471
-436.77995047090826
-436.0466413309807
-431.20376178552044
-428.50357087467785
-424.45333607334805
-422.67040844748146
-416.65549636392325
-415.4859247295193
-412.711980054705
-410.9893294596334
-408.1748451796054
-408.14085887241606
-407.6909555031243
-400.89177800361915
-399.461804892312
-398.9795821954591
-394.4495100397114
-375.2166718056435
-373.5171996359186
-360.1949779802691
-357.63869505826085
-352.0521227410012
-351.480736270404
-342.2673967850784
-341.9650302642141
-335.18824136855324
-328.2727028206871
-328.0078310906043
-327.3224193978359
-313.14879357016025
-311.4900463483285
-311.0311457591746
-308.011452755296
-306.15523928422544
-301.4411989422132
-298.8984081372565
-293.41946665761975
-286.55907059686433
-286.3900001352923
-285.3403587428023
-283.68203814743583
-283.06534883504366
-276.6298782849541
-273.32466567246456
-269.7859567205729
-268.90995764223294
-267.97809204261887
-264.767277798009
-260.77287933805087
-257.686097809781
-257.3071161243847
-248.86782449682585
-244.71709746001818
-237.76905278452375
-235.38878565972902
-235.08233655270953
-232.72661947746997
-232.1506442816741
-230.6388902242469
-225.08148036634884
-224.43256790780117
-223.165812938263
-222.90137583344642
-222.74315359851676
-222.52070138257295
-217.7214792143227
-215.4408962847632
-214.06346899169534
-206.32315220551595
-203.3047407927719
-198.7375578092499
-195.2829303481425
-191.16028029291067
-182.28057738546568
-178.71288852470695
-178.56307375718723
-178.13072798489452
-164.83151972258065
-155.13663525840718
-154.3085613484236
-152.16302011876292
-151.3982368059808
-148.2272446020911
-145.1441556871091
-143.75307909616515
-130.6190976005213
-122.5580509595552
-120.09569434606271
-115.56821669858584
-114.0093734310799
-112.93070522601863
-102.09351225361706
-90.69737340631548
-88.91530828187786
-88.04708364292321
-87.90790895190264
-83.98216984327769
-82.59102348043905
-81.13876813787454
-75.82669928836651
-65.35914729889055
-64.54216708582214
-60.14836901443596
-57.55745346045262
-56.55115232640219
-53.91459298765096
-51.37241282235675
-50.707557702048575
-47.47683210669345
-46.091820899095865
-45.9650010031005
-39.533878949403515
-39.017331901450234
-38.82929645729985
-37.08713327833641
-36.815328412673125
-36.424458897366094
-33.33391736540216
-30.634866984751625
-18.99680652846871
-16.15897863960413
-16.12156975745836
-12.747715402274821
-10.326171050117182
-8.966329306035618
-8.669081727036996
-8.094535576728617
-5.796684523961858
-0.9740117352253037
-0.9159249205288233
-0.8136967862881193
3.409676964980463
15.244069569959834
15.902183457023852
18.296298363443384
19.760731615388977
44.271854343862515
44.95059338890678
47.55854185166049
48.26685725214679
66.55847179377633
72.30326983313284
84.9830865125698
86.98566107187276
88.85055150679545
96.6451872186517
99.01329261872388
100.59038825551761
102.45848644554349
104.42165945855913
105.07901250293685
113.27044516627257
125.30001266904014
126.6728237088605
126.94564068501495
127.05861801758101
128.9610111365414
135.0732505831786
140.04874568247214
144.60162244548746
146.64722019792248
148.96520402463852
151.52149978219836
154.45836759095914
160.72274202434278
165.12785349418164
168.0294550498313
168.21692032634837
170.77160603393213
175.9075827913216
177.09301992689598
177.33998722269143
177.46782633292628
188.49392183599502
192.08890319526085
203.04591117351538
203.58916633110698
208.94832318630165
210.82869791314647
211.1431223057034
216.14873440869428
217.08333377602298
220.22993889824215
226.6816827106236
228.27372231892673
228.40384989935342
235.53021843773536
236.0630981831025
247.49784960919033
249.4874028306226
249.75376338133992
255.26512152919895
261.4625182403986
262.90983209744263
265.2246871389782
266.8379115970272
269.0765300194289
269.6697046116976
269.72216287830156
275.6948706158348
275.7895509926052
280.0938122940988
281.5464092881523
281.85866037265805
284.18394818637853
290.23786915153255
294.34480723468437
298.8588334951112
303.4274240976076
305.1153047719249
309.8923479857299
322.58163135690734
323.86767006394757
326.35747166138935
330.4148557943629
338.29645276843394
342.7285182597841
346.68355192564286
350.6339827859838
357.65824103132604
358.8832885852903
361.218967288617
362.36505331605895
363.41087313253
368.5420634960126
371.76781709914394
380.8490322905425
382.9136710878263
385.9141737157461
400.76724036607516
403.3984335183329
407.13316385563394
407.1452804878861
407.36512644802247
408.0743251432036
408.54042094514034
412.03851205240244
414.03505966021703
414.08045540645344
415.3593938539518
428.8380638754654
437.2577174585499
443.05614993121867
443.18315456423124
443.38095841108407
443.58491935745906
444.2102975741559
445.58518008790224
455.8740233447222
461.357121799374
468.0316101258695
471.0624040210264
473.2737042658589
475.94494637071375
479.46675861067115
486.43939704924696
486.69277604813783
489.9610462074843
495.0463439092082
497.64104641673794
498.3720360520467
500.6630488603439
503.031180953388
514.1485423696718
516.4535339741592
522.4709511413189
533.8770488626385
535.6313148303
542.2692153575583
543.0220836894077
549.022109086734
551.9221539094231
552.2448513688912
552.568057651833
555.5625336134992
559.8774317802252
560.069117589763
560.7723022194318
561.9820567617517
568.5959348690537
581.9216803717206
584.341023956769
584.5856470505237
586.7271449117995
588.3973626669106
592.0826379626856
595.9805769457871
605.9502474759336
609.8342497034032
615.225223244966
621.7317751920225
622.1853183132114
624.5909403974808
630.3791065313712
643.7171549589139
645.6447953677016
660.3982845860266
666.2730324908173
678.8231490813212
695.0067286372673
702.6672946735357
709.3374434759603
715.409120862299
716.0540590781693
720.7259643258351
721.5499840909324
721.7631125326491
722.2614642856097
727.5572775554112
735.3146349263457
740.8410579639108
753.6458290968044
765.9767279347325
769.5609527369916
770.4091442409863
771.1098783459338
771.3824901712749
774.2209003002724
778.9986816865169
784.119632352393
788.330321334975
790.1793799494549
791.3587751724383
798.1289089447473
800.0350657236404
809.7618414436827
824.6228290706804
826.3289416627542
826.6622378707216
837.2234995699998
839.0032107582342
841.0355964733471
843.1240886594012
844.6738510795931
851.9537319962033
853.2884451521825
859.6821861261626
864.25002625713
865.3975476207222
866.2112443168476
868.5570022971247
872.3644374195496
882.4932273783274
885.8942560328946
888.1945719777984
892.7169683799737
894.6894092837078
895.7878853577465
902.1505398552795
908.4111026056032
908.4489986945541
919.3943480169353
922.6986723235148
924.4701247329533
926.5372818057708
926.5597987102601
928.9172871998012
932.223513917419
937.0468343158864
951.4841750776495
953.9852920750516
959.4193580375465
960.8754413874938
961.3783984512743
964.3798928930244
967.1170703679163
969.4152095018167
976.514444312955
976.6859374075382
980.511185779181
983.2127753459172
983.376699571284
985.3957420478007
999.3903385972039
999.9041635581657
