list length:  1000
Before
-532.3763590968878
703.3471712932349
-190.9888439052312
448.5542724348604
447.27777192887606
-38.17458952394804
814.9913665316046
-495.20325411001954
-469.98860962235597
542.1635171578671
107.14411107370825
480.9245085584055
-935.6392739184391
213.94737277536524
-604.3898369089544
-544.6330262169652
-205.92427701835652
225.53973666706383
-626.9432101918924
-895.8273132884276
-322.6868840203307
-578.2688996961917
89.06644661119617
-250.0338368242219
-341.38349515792663
-98.84931184356935
127.0829935245979
-983.1167156822173
907.8288571715036
-816.0174482175291
450.8547785343867
-491.0304499163065
206.2098305540535
352.50675461439687
-734.0355086267232
670.6696143789634
155.18791727821144
954.7544657497465
-951.3784913306846
607.486225848394
497.3064604069409
967.0660191855834
947.8701909729307
601.1438134277853
361.30636857778586
-101.41514638146032
984.2270878969566
913.7281837463499
-412.6238815340366
-619.384149607369
707.2210505999944
732.3561003447196
-328.3809494385108
514.2415889796468
-293.4084847357277
-613.0108784459441
-649.872847042534
-921.2093556716059
232.3103719034989
137.83675296194951
845.8674907928084
238.98914688962873
-401.8471287514127
244.62527141025907
185.31212344515916
-176.15441156316808
-61.366488168574506
-107.24722805077568
-34.84680498262867
-956.7921204585299
382.18403338229814
-600.6654063122459
474.49403866014677
-886.8709210484085
-854.6216168473253
-470.41131872200356
131.1015035694486
-479.4511840005806
-615.8646902775415
-604.9529350108269
-675.6176036733497
-319.43769882112224
332.49612493297514
477.19988289379035
-580.3937982502845
-112.91965806393023
4.300291431506025
-639.8871289231028
-811.3028386780028
-874.0003783271757
-478.8784973283589
-713.4569143103284
-206.16088039087992
-110.54341242814814
627.056575494559
738.1934329230371
846.9792337634021
-706.1261284398929
915.5932864492697
994.3445367990778
-97.03833271977169
886.7565861877486
-567.7445697813015
-647.0329455967844
294.0525374693184
-332.221656859419
257.11158610361576
570.2471356541876
56.062910536039226
-148.81106484894508
-215.15030105671372
356.63741193018586
-768.5374960482005
-487.05064989276116
-68.63388632204101
-956.4640657615113
641.2458342670723
-549.3748934107001
522.8606804879141
325.53520871965975
-52.59670678072757
788.8541746316298
-317.96387198285856
825.832625932472
-123.23912519584951
390.5030398011386
720.7819140383579
-312.5925571428103
-261.35227165641936
477.8001059582705
857.954035410274
-131.87856369487338
295.89718209432885
762.1832790501123
972.5196073026793
118.75914974698662
-160.94005363294218
-898.5524114334897
162.30922344553028
-843.8199013644191
-996.4221422747355
716.6647488970041
671.6520374546153
-268.8663493521324
285.6133802476427
-122.47245541493453
88.81896916146411
-614.5813248507042
203.83327439811524
454.90394532747837
-846.6496403034458
-933.9327238806605
-900.3774162498162
-642.4275549631984
971.2007754356355
628.6249291826202
853.8280729233734
-53.87587502044357
522.4771682500743
-161.10656764674377
128.62445900372813
660.258087863139
938.1544664644582
-254.42985126086785
-393.8533126185637
-829.1600337342213
-600.7286335666171
-879.2701039137074
-852.9240766284363
934.1272063038191
-388.5060316689577
558.0885961761135
-679.4756165266356
-47.42160128278488
950.9201232694168
-36.09424058133777
-213.47659595484686
721.1914081367074
-583.4515363932653
37.06401798939714
178.2854886306875
-761.904828822451
-202.76520232984535
574.6337785322785
-452.1913994783433
-285.0402265341288
-912.3222656752639
-427.99773844928836
356.46612527546404
813.8366711091917
999.5894680342362
74.41309741177838
508.8727943891611
-42.285395990744746
11.856179786199164
236.71867586494022
-468.1668756753468
-829.9395223244459
13.725126443778322
-198.78303893755026
529.287644637013
-166.9765718761172
684.7384325552757
-615.496825568461
748.2574933263547
335.5602931679673
-309.0923531683285
205.47257003040158
954.9229330328133
-123.75868347780397
29.866088516571608
-664.3897372602561
20.10402077166384
802.760803712019
-505.0909576929259
451.2976379957622
238.11708790129182
-459.3096357430866
-896.100449747806
657.8054395028246
339.6994515764452
394.31145484437434
-165.49602441307877
-416.26143635314156
375.02531806741877
536.1460548677151
-873.0733523890704
-167.85775384184137
-971.0513279550299
-232.11044804509356
601.3572521026404
699.9681953629135
377.3346656066674
-647.5477150448046
421.7754021249257
328.65195178388217
-338.12321343655776
-266.44050310686794
112.85230543265016
304.3782443644245
-361.7664800086493
986.3574135205654
991.0202521653835
-297.76756577761046
-267.4344060940148
114.25868566463873
332.8012122929872
339.74113850332697
-196.02261351573657
-359.14073523751426
483.832797795681
45.11853398904532
150.94865252426644
152.89595769743187
-462.0046480762154
209.19105531871446
52.35037836729202
-450.3697425079987
-398.23607024267176
-152.93381659511044
-943.1514058092673
374.0395919263267
-298.0640011232763
-166.12235126512667
300.45687708423975
331.3864580296113
-457.83400068734716
290.0653362703233
-693.1872356529998
212.34896354624902
-966.8973402443202
851.8859009123569
-675.2853832076446
627.339261407471
-968.550864772792
224.31997506188873
-81.42422837937067
-680.9364653889647
-665.0767733759028
-427.13772779097087
-479.1627381162282
77.73713346052932
831.9215380874591
-118.97911638816595
-72.23702872279114
-55.727787704418915
195.18015563284143
260.41692979978325
438.0987480804263
804.8784420467716
557.1925684083255
-263.1566122716904
441.74513856100975
800.1665483289432
-469.2233960803902
120.77698935403441
742.6817089176263
667.8958401449026
-167.45158247104405
199.8977687007541
154.93411332471646
960.1864693555306
-758.1631366545948
137.1387650819006
-598.9978364593982
620.9573544326745
466.5876458257908
921.7758322045163
191.38082183905544
-701.8829622695209
-400.0223095609124
-498.5241588861675
-88.48171021404755
741.2308403548755
-118.10533221389096
-11.433743146251913
-679.9486409656574
-733.5750291086638
-333.76331210384456
-230.02285646438577
817.4566688012656
507.9481114802579
194.86523882756705
-9.430624221093922
481.74545183332157
67.73906508820369
717.0867549064549
369.83272715197813
473.8091288590217
-263.0654026035339
-551.8274566387142
235.62742993595634
-208.6197663215621
-216.37155664403429
106.9909384677967
68.98679552027829
454.55805005185493
-72.77741474293964
247.39375253730464
619.5434032152764
-91.5850609469411
-612.9581613180712
628.945228977462
-868.9480890615555
626.1346759489406
-972.5002802418356
15.130788395010427
-778.1673091653561
-503.25142676431886
248.92319053385359
919.05755994334
954.4910756987094
987.9734035742074
186.85793543319892
734.7881862283755
500.6723468093887
608.8162649636442
102.96608906284132
741.1954548969497
-711.4982322579317
681.0117675486092
587.1574261886308
-282.7562288462335
901.2873255624661
-32.92237000739044
-711.8707394577491
-220.45004131229803
-979.3441007328239
-841.86599182923
-843.4734505103183
843.5084268524065
800.2644145352094
51.651085088848276
-815.1012225874117
-198.1315935034371
-848.096729662874
119.24231217241572
283.5575080739975
-612.8360589010213
38.085645877170236
270.169371983505
-972.5535062482726
988.2363800000917
887.1355945108967
146.64950801287364
992.3655664185947
-988.3022759429718
154.53399479655127
548.7163438360151
934.6054812190903
-127.72797249099256
-298.7137472431041
658.9579749596976
-919.2038258085955
52.02383266840866
-392.089518283135
836.608834547611
440.09589857292417
921.2919755284097
-728.5882503161249
-514.7783445751735
-964.0251851693981
879.2057708461059
-745.7187849280982
-148.7473011243527
-905.1480079497292
771.6615991210933
735.0010502768621
-777.0753624676638
-168.51478305421665
999.7044082195839
680.6031341811142
818.2739468829025
-193.844989298869
526.2201944810483
372.37909793215226
-391.8498934253032
-651.7769353380816
257.72484491588875
-673.2532559616793
284.9128369536054
-28.800848100544158
-801.5995371279947
-114.70756953531543
-773.3798716835396
408.6234541903716
631.2044666499355
-564.2702667540731
29.468927912880872
825.3777798333292
-48.87803887941652
697.5992200274131
-335.13634905793845
-752.7663115370565
372.37582479128787
-248.20328152781838
463.8361048184854
11.684450502083905
-189.3076465655712
110.2938877236636
187.05446883152717
-757.0129163591224
-468.62390417158565
-668.9529517019091
-273.33436200325445
-615.1399744737452
876.9182791913065
699.5229683866839
813.027277119036
235.77132047858117
-277.85948609160926
274.14659178351485
736.1844397192597
-318.2138102628753
-315.0902215980493
-213.76245696757826
-58.17870066921341
470.41822593570396
-712.8842639525669
-216.15099620130468
-395.3297784676231
491.9265168298523
-627.2519138410705
-553.978666564491
-274.18430782986763
-163.382608328154
88.37388020299727
710.9697155666925
-672.9275542464636
-531.3407872969904
615.7699952207786
-220.56985433669388
-52.62076515980584
-825.6694151259525
619.2361052367862
-940.7461475679504
152.42766519224165
233.0400304505315
993.0231244392305
897.7825683410258
-484.0776405183469
-255.39897283943037
215.4282593473788
-952.5219910238387
-859.4805392356677
-210.88481054782005
-451.73377552081865
0.8412827836413044
165.48256935813788
942.8469916233378
-451.62178205899033
450.9274668833891
886.9533924530913
574.8340757299122
230.13982656263852
-147.3640187409752
710.1782077808896
124.71431547528778
59.214534761749974
482.98187442729454
-9.288536818352895
-378.8140805066506
-937.9474209190513
-136.99237927769036
988.451050735119
606.3746407525689
162.0210446068761
-214.1556040082595
942.0407128027248
-750.2791673325615
30.835597787681763
378.60230534696166
765.6973914460903
-826.0041822495507
-353.4720244321028
200.74983654466223
-902.7573471785059
-723.2520239379851
-143.57530643121868
-35.35987256223257
455.15773139938506
-306.1721058416846
-79.81279784656988
-941.5709167935767
-119.38641826564162
40.071760685199024
-62.61327417977759
-158.48961863953411
-494.6727004124769
-426.49410074661637
-619.5041469863925
-720.4273854822975
-119.75620948208746
-918.7032205912817
170.46557646243423
-490.05068577990005
-694.3194684270936
-326.26421963643065
-956.0998011804114
356.7204376364664
-9.73955194055452
416.4775606756293
-733.5547599367716
-133.4188703405954
199.59764677514363
-521.9436869668757
-368.13178739973716
897.3134662375351
302.5636930259527
113.19862373170372
-686.2075167498442
-117.37961203648786
-463.1948815509803
-407.2172771384244
-81.8429016724989
-192.87087151510934
922.0981710042174
546.6394688855548
-338.820786130374
646.5301333281859
-157.19444394481013
-232.71734674215577
529.2857100678541
36.68522636659986
997.7228911556892
-636.6931693134163
-407.92451389978976
-7.181401147544875
459.3305983619623
-341.70570624269067
-581.1721193178212
-496.0049321494344
199.22742834373662
703.4548705216741
484.4096966621348
-335.8461018035215
-470.01213446900226
-333.72607364864643
-69.04977519402155
-980.5547669280643
-737.8770871505685
286.3790674400434
-923.5767207744557
-329.4193023488781
11.208109372656395
-429.1263607214386
8.229978684013417
531.5834280289309
384.8199901885473
305.97674618854285
-289.7636483491725
-161.0120708258811
-522.4666630359045
332.6700976708362
-403.37460864870707
532.6698774073675
-253.45419195484544
624.0820355758467
599.7919399714115
798.5107037338082
426.59648323744
-988.4856407764038
-764.1070542008902
-881.466925649169
218.75782725125782
828.5580554032815
766.2072001126669
227.39302020429318
589.7013317998444
605.4380039495968
-51.267848499406455
-122.28778949849129
602.0023661809998
514.8086509012173
-840.1790556985449
29.91153190715272
-763.0422995716999
-801.1473284390731
-460.06268499592375
823.5319837063969
299.2136095707265
-383.2278564632144
-919.5956157116257
982.74062726632
744.9657224753955
-494.36516700524066
-194.8665293594995
-760.3776546208028
-83.75302689544117
214.1078398338734
-299.84870230399645
-929.7310153810922
-212.35870990422234
-872.014432801969
-671.4018299434033
203.52950135550418
387.64465146677594
299.44709607116897
108.26207301251065
-932.4484323429476
-341.2397071482027
-20.887651304742917
-218.251124416508
-852.459662141279
558.1579585514044
-584.0793635408852
-68.98658797242604
-288.07594415849167
167.7268913104283
-739.5562123174897
101.85858680303818
694.8469683931071
-636.1309394504435
-471.72346092736234
432.8043923001992
-170.26206069034686
643.9302192200753
-960.2548541284768
937.1741400888111
-884.6643237333438
970.6415689251071
-983.4696237297449
310.4320590576556
744.5306862632024
-557.9459217601461
-431.6132394052146
137.0175463055955
150.82516452288064
795.6823874927634
-711.3526859854164
-46.4267669053786
303.23143023390276
-792.8509237628487
712.9232711593702
307.32312447339086
619.9099251092318
617.209928694424
-355.5089229494131
918.4056994612588
-760.6468959346055
-153.39852369359153
-41.029565068094485
-210.88261874248792
318.9675458390641
-637.0004110761857
347.3284119076286
-241.39900087833553
-865.4384887748761
-271.37911148345256
972.033154426744
-715.0327226441808
-191.2960711571941
-276.7816812883783
-744.9149343384205
-608.0893871151402
283.87131619707407
500.46312074110074
-10.1742598847801
-589.6337771557543
714.9257656795164
-190.46395129959535
339.84147801428844
902.4479956502219
464.2387335122976
470.6710244537128
886.3419745861083
856.5734831512693
241.33842423326814
-152.36688421435463
639.131964578221
-583.966913235775
-453.4877404784139
282.4014280705569
-674.0163078747321
-123.54555598499292
416.5784218590293
547.0438251723781
688.7788527986577
144.72679710310763
889.5450638047653
-41.513776584833295
-804.6317889971333
514.9209246268463
320.05450702604
107.5733932072269
-604.2713674003376
937.8517913470946
106.94813025692224
441.88845421177416
-399.4899237731886
-419.02209505915164
-463.9362779471526
672.7012408059086
-46.957101041397436
454.9598969917249
638.0892112482102
626.4474807086099
-329.7850995997394
706.266174846113
-254.26488730653648
809.526847758443
-697.9680064676239
-317.8067809509208
-59.254152834937486
-838.0839734141878
-491.0588544521375
520.9981756132038
-240.87176105732215
-438.9709065078804
-940.054909010907
-548.4257169200797
83.30665638948403
-812.6109333235268
-766.9878173784084
786.7607645493492
-800.6290922178085
316.3869877568534
192.23976996513306
525.4742915384531
278.0276020019742
188.7688471255051
325.53654170884056
493.66260861176556
719.3184436663148
150.09948364265233
-595.0027821022543
-593.1230804866907
-885.0276803897743
-956.2635322199378
-760.6051240262493
-102.15933573348514
496.18368844050997
385.40862443244464
301.14273470807075
-835.1595493984938
-990.3455237544742
108.51812079830097
740.0500090646499
-10.405431912274594
430.8466829049519
-449.15139737137986
-284.59132145852743
-326.90588689938954
-854.0156365586869
-130.6174851779574
69.38085282780753
57.810671571374996
-604.7349304914322
-886.4716136015256
-897.5822603526724
-825.6312738170082
-155.6009356803993
-907.3712211864203
-271.14482444049077
-790.4692243241157
908.5366554489271
-735.7200197834447
852.1631294660237
-266.4728612682652
-549.0400454007442
845.9702459138689
878.3088457603085
-543.1196767079016
-624.353913486895
-283.62714131280393
299.64361041705047
422.4850860450399
689.9478399324164
-877.3547071720456
-715.0053354364969
399.1757116283093
-603.8731542272074
881.6984092077712
-402.9873088800699
-185.05605055178535
-114.92589116828844
-802.3955089685837
432.55116374220825
-675.6176133654839
-221.50874888200087
-787.1942008193433
141.1129046372364
-736.7875853296993
-433.3354886932319
-890.0476043165504
487.33095253208785
-642.8094153182589
-720.2087890691744
343.6517823587144
217.73497284744826
112.65027134638262
56.98075173602615
390.05336720767104
-326.53687169519776
-320.34008409640967
-570.1897125491057
-799.4258666484424
224.0111895488983
-374.95922619894964
249.298741027113
965.6413758057106
147.32408588319936
-816.6581126416379
-85.01540333136325
721.1159463546487
996.7374336389428
-354.9730126009365
503.8771119373441
-638.772144491797
-656.7917495767194
-953.8358651396062
-953.8951144829286
693.9794624311169
-12.805939742565101
-193.50106915454091
-358.83711226982905
444.08202598331945
194.55235848110988
852.8799995441232
788.6310526879922
795.164231403526
851.7466563677883
-982.2677014920838
-669.7579056956072
754.0866727807281
-15.601317669817945
-492.3346411252312
527.2765946928309
195.82977347665997
-549.9866381996214
-463.1002783927704
-257.1957136673684
-898.0222230507377
-356.6614711906575
159.84269649559883
562.4319342027038
992.617681837914
-898.3352172256849
-268.9540426734211
-68.28928707731859
571.7132377200192
308.88490539920963
948.4647697264743
-8.253730046673809
440.9960992957524
452.5770764545314
-642.0076837089618
-130.45188396565902
933.0136340404447
-746.1280193686
155.49151792281214
890.5100471560395
-49.78955193479351
-300.10948767909235
247.18493804784202
-539.3487606742347
799.4046433289157
-212.0102774795323
673.6116040488951
388.75020866850946
-54.72736040149573
325.8783047364059
-98.5445670912668
-633.3873986282804
-870.4174519511212
907.7840258170895
-106.32887402238487
970.9603320807489
-13.444083073165075
913.1861709625393
896.2933053872907
-957.0794083776939
614.4353360632542
202.42976323106836
-736.4152244798419
332.0036042148495
-309.9737539011651
-343.1057303298379
831.8340571391791
857.3493857277049
534.6418309836724
-802.489382267848
377.88015335478144
286.20257328752905
347.7095208001474
-175.9244553557329
-128.44431794858303
-615.9300448392846
695.9850864760285
828.1455909450679
-301.1196715354512
-700.0547995246078
59.71094167727097
-908.9029091018672
-184.44788782966407
448.6539738107447
464.82736729080716
852.9741226995272
-759.0226292225461
211.15848061690963
-221.07586069548415
969.4627274679024
959.641984312623
416.9619951868726
-888.3640329620237
137.93856551619024
540.3641504553907
-267.8115036844064
-508.6322116386983
513.9363715507161
-19.049649419713433
-730.2733748501233
825.7966065195544
889.06577027971
-598.5146522639828
37.55889208994313
-290.02596767335456
371.90092627808053
-810.2949729874247
-86.43182799370572
-43.62345644519053
-167.07826801655392
735.8832130163369
181.56544607532874
-279.13999037913914
-896.3536225774071
-76.87698675317358
398.0181874350385
8.204785793893848
-540.7189689229717
-844.9698822770091
-742.0310850646295
-215.74229930203967
-671.909821285577
-815.6356857075016
-978.84645132498
369.0950902765221
-54.52649220070691
-199.56461932416448
-890.2379637091353
264.9307417932009
360.4770748371709
-856.1552073255787
899.4304719936031
199.02576203046124
309.79490728431074
28.484623110998655
979.4643529973307
-978.4753915132771
697.4363192016874
843.6524178616714
421.6253082771318
-751.8424358811768
31.377334704615578
773.2119450914083
852.8659334704646
-392.2255262911782
-619.351481780606
-34.005750985163445
327.3730349141797
Sort type: Up
time:0.175s
Count: 978
After
-996.4221422747355
-990.3455237544742
-988.4856407764038
-988.3022759429718
-983.4696237297449
-983.1167156822173
-982.2677014920838
-980.5547669280643
-979.3441007328239
-978.84645132498
-978.4753915132771
-972.5535062482726
-972.5002802418356
-971.0513279550299
-968.550864772792
-966.8973402443202
-964.0251851693981
-960.2548541284768
-957.0794083776939
-956.7921204585299
-956.4640657615113
-956.2635322199378
-956.0998011804114
-953.8951144829286
-953.8358651396062
-952.5219910238387
-951.3784913306846
-943.1514058092673
-941.5709167935767
-940.7461475679504
-940.054909010907
-937.9474209190513
-935.6392739184391
-933.9327238806605
-932.4484323429476
-929.7310153810922
-923.5767207744557
-921.2093556716059
-919.5956157116257
-919.2038258085955
-918.7032205912817
-912.3222656752639
-908.9029091018672
-907.3712211864203
-905.1480079497292
-902.7573471785059
-900.3774162498162
-898.5524114334897
-898.3352172256849
-898.0222230507377
-897.5822603526724
-896.3536225774071
-896.100449747806
-895.8273132884276
-890.2379637091353
-890.0476043165504
-888.3640329620237
-886.8709210484085
-886.4716136015256
-885.0276803897743
-884.6643237333438
-881.466925649169
-879.2701039137074
-877.3547071720456
-874.0003783271757
-873.0733523890704
-872.014432801969
-870.4174519511212
-868.9480890615555
-865.4384887748761
-859.4805392356677
-856.1552073255787
-854.6216168473253
-854.0156365586869
-852.9240766284363
-852.459662141279
-848.096729662874
-846.6496403034458
-844.9698822770091
-843.8199013644191
-843.4734505103183
-841.86599182923
-840.1790556985449
-838.0839734141878
-835.1595493984938
-829.9395223244459
-829.1600337342213
-826.0041822495507
-825.6694151259525
-825.6312738170082
-816.6581126416379
-816.0174482175291
-815.6356857075016
-815.1012225874117
-812.6109333235268
-811.3028386780028
-810.2949729874247
-804.6317889971333
-802.489382267848
-802.3955089685837
-801.5995371279947
-801.1473284390731
-800.6290922178085
-799.4258666484424
-792.8509237628487
-790.4692243241157
-787.1942008193433
-778.1673091653561
-777.0753624676638
-773.3798716835396
-768.5374960482005
-766.9878173784084
-764.1070542008902
-763.0422995716999
-761.904828822451
-760.6468959346055
-760.6051240262493
-760.3776546208028
-759.0226292225461
-758.1631366545948
-757.0129163591224
-752.7663115370565
-751.8424358811768
-750.2791673325615
-746.1280193686
-745.7187849280982
-744.9149343384205
-742.0310850646295
-739.5562123174897
-737.8770871505685
-736.7875853296993
-736.4152244798419
-735.7200197834447
-734.0355086267232
-733.5750291086638
-733.5547599367716
-730.2733748501233
-728.5882503161249
-723.2520239379851
-720.4273854822975
-720.2087890691744
-715.0327226441808
-715.0053354364969
-713.4569143103284
-712.8842639525669
-711.8707394577491
-711.4982322579317
-711.3526859854164
-706.1261284398929
-701.8829622695209
-700.0547995246078
-697.9680064676239
-694.3194684270936
-693.1872356529998
-686.2075167498442
-680.9364653889647
-679.9486409656574
-679.4756165266356
-675.6176133654839
-675.6176036733497
-675.2853832076446
-674.0163078747321
-673.2532559616793
-672.9275542464636
-671.909821285577
-671.4018299434033
-669.7579056956072
-668.9529517019091
-665.0767733759028
-664.3897372602561
-656.7917495767194
-651.7769353380816
-649.872847042534
-647.5477150448046
-647.0329455967844
-642.8094153182589
-642.4275549631984
-642.0076837089618
-639.8871289231028
-638.772144491797
-637.0004110761857
-636.6931693134163
-636.1309394504435
-633.3873986282804
-627.2519138410705
-626.9432101918924
-624.353913486895
-619.5041469863925
-619.384149607369
-619.351481780606
-615.9300448392846
-615.8646902775415
-615.496825568461
-615.1399744737452
-614.5813248507042
-613.0108784459441
-612.9581613180712
-612.8360589010213
-608.0893871151402
-604.9529350108269
-604.7349304914322
-604.3898369089544
-604.2713674003376
-603.8731542272074
-600.7286335666171
-600.6654063122459
-598.9978364593982
-598.5146522639828
-595.0027821022543
-593.1230804866907
-589.6337771557543
-584.0793635408852
-583.966913235775
-583.4515363932653
-581.1721193178212
-580.3937982502845
-578.2688996961917
-570.1897125491057
-567.7445697813015
-564.2702667540731
-557.9459217601461
-553.978666564491
-551.8274566387142
-549.9866381996214
-549.3748934107001
-549.0400454007442
-548.4257169200797
-544.6330262169652
-543.1196767079016
-540.7189689229717
-539.3487606742347
-532.3763590968878
-531.3407872969904
-522.4666630359045
-521.9436869668757
-514.7783445751735
-508.6322116386983
-505.0909576929259
-503.25142676431886
-498.5241588861675
-496.0049321494344
-495.20325411001954
-494.6727004124769
-494.36516700524066
-492.3346411252312
-491.0588544521375
-491.0304499163065
-490.05068577990005
-487.05064989276116
-484.0776405183469
-479.4511840005806
-479.1627381162282
-478.8784973283589
-471.72346092736234
-470.41131872200356
-470.01213446900226
-469.98860962235597
-469.2233960803902
-468.62390417158565
-468.1668756753468
-463.9362779471526
-463.1948815509803
-463.1002783927704
-462.0046480762154
-460.06268499592375
-459.3096357430866
-457.83400068734716
-453.4877404784139
-452.1913994783433
-451.73377552081865
-451.62178205899033
-450.3697425079987
-449.15139737137986
-438.9709065078804
-433.3354886932319
-431.6132394052146
-429.1263607214386
-427.99773844928836
-427.13772779097087
-426.49410074661637
-419.02209505915164
-416.26143635314156
-412.6238815340366
-407.92451389978976
-407.2172771384244
-403.37460864870707
-402.9873088800699
-401.8471287514127
-400.0223095609124
-399.4899237731886
-398.23607024267176
-395.3297784676231
-393.8533126185637
-392.2255262911782
-392.089518283135
-391.8498934253032
-388.5060316689577
-383.2278564632144
-378.8140805066506
-374.95922619894964
-368.13178739973716
-361.7664800086493
-359.14073523751426
-358.83711226982905
-356.6614711906575
-355.5089229494131
-354.9730126009365
-353.4720244321028
-343.1057303298379
-341.70570624269067
-341.38349515792663
-341.2397071482027
-338.820786130374
-338.12321343655776
-335.8461018035215
-335.13634905793845
-333.76331210384456
-333.72607364864643
-332.221656859419
-329.7850995997394
-329.4193023488781
-328.3809494385108
-326.90588689938954
-326.53687169519776
-326.26421963643065
-322.6868840203307
-320.34008409640967
-319.43769882112224
-318.2138102628753
-317.96387198285856
-317.8067809509208
-315.0902215980493
-312.5925571428103
-309.9737539011651
-309.0923531683285
-306.1721058416846
-301.1196715354512
-300.10948767909235
-299.84870230399645
-298.7137472431041
-298.0640011232763
-297.76756577761046
-293.4084847357277
-290.02596767335456
-289.7636483491725
-288.07594415849167
-285.0402265341288
-284.59132145852743
-283.62714131280393
-282.7562288462335
-279.13999037913914
-277.85948609160926
-276.7816812883783
-274.18430782986763
-273.33436200325445
-271.37911148345256
-271.14482444049077
-268.9540426734211
-268.8663493521324
-267.8115036844064
-267.4344060940148
-266.4728612682652
-266.44050310686794
-263.1566122716904
-263.0654026035339
-261.35227165641936
-257.1957136673684
-255.39897283943037
-254.42985126086785
-254.26488730653648
-253.45419195484544
-250.0338368242219
-248.20328152781838
-241.39900087833553
-240.87176105732215
-232.71734674215577
-232.11044804509356
-230.02285646438577
-221.50874888200087
-221.07586069548415
-220.56985433669388
-220.45004131229803
-218.251124416508
-216.37155664403429
-216.15099620130468
-215.74229930203967
-215.15030105671372
-214.1556040082595
-213.76245696757826
-213.47659595484686
-212.35870990422234
-212.0102774795323
-210.88481054782005
-210.88261874248792
-208.6197663215621
-206.16088039087992
-205.92427701835652
-202.76520232984535
-199.56461932416448
-198.78303893755026
-198.1315935034371
-196.02261351573657
-194.8665293594995
-193.844989298869
-193.50106915454091
-192.87087151510934
-191.2960711571941
-190.9888439052312
-190.46395129959535
-189.3076465655712
-185.05605055178535
-184.44788782966407
-176.15441156316808
-175.9244553557329
-170.26206069034686
-168.51478305421665
-167.85775384184137
-167.45158247104405
-167.07826801655392
-166.9765718761172
-166.12235126512667
-165.49602441307877
-163.382608328154
-161.10656764674377
-161.0120708258811
-160.94005363294218
-158.48961863953411
-157.19444394481013
-155.6009356803993
-153.39852369359153
-152.93381659511044
-152.36688421435463
-148.81106484894508
-148.7473011243527
-147.3640187409752
-143.57530643121868
-136.99237927769036
-133.4188703405954
-131.87856369487338
-130.6174851779574
-130.45188396565902
-128.44431794858303
-127.72797249099256
-123.75868347780397
-123.54555598499292
-123.23912519584951
-122.47245541493453
-122.28778949849129
-119.75620948208746
-119.38641826564162
-118.97911638816595
-118.10533221389096
-117.37961203648786
-114.92589116828844
-114.70756953531543
-112.91965806393023
-110.54341242814814
-107.24722805077568
-106.32887402238487
-102.15933573348514
-101.41514638146032
-98.84931184356935
-98.5445670912668
-97.03833271977169
-91.5850609469411
-88.48171021404755
-86.43182799370572
-85.01540333136325
-83.75302689544117
-81.8429016724989
-81.42422837937067
-79.81279784656988
-76.87698675317358
-72.77741474293964
-72.23702872279114
-69.04977519402155
-68.98658797242604
-68.63388632204101
-68.28928707731859
-62.61327417977759
-61.366488168574506
-59.254152834937486
-58.17870066921341
-55.727787704418915
-54.72736040149573
-54.52649220070691
-53.87587502044357
-52.62076515980584
-52.59670678072757
-51.267848499406455
-49.78955193479351
-48.87803887941652
-47.42160128278488
-46.957101041397436
-46.4267669053786
-43.62345644519053
-42.285395990744746
-41.513776584833295
-41.029565068094485
-38.17458952394804
-36.09424058133777
-35.35987256223257
-34.84680498262867
-34.005750985163445
-32.92237000739044
-28.800848100544158
-20.887651304742917
-19.049649419713433
-15.601317669817945
-13.444083073165075
-12.805939742565101
-11.433743146251913
-10.405431912274594
-10.1742598847801
-9.73955194055452
-9.430624221093922
-9.288536818352895
-8.253730046673809
-7.181401147544875
0.8412827836413044
4.300291431506025
8.204785793893848
8.229978684013417
11.208109372656395
11.684450502083905
11.856179786199164
13.725126443778322
15.130788395010427
20.10402077166384
28.484623110998655
29.468927912880872
29.866088516571608
29.91153190715272
30.835597787681763
31.377334704615578
36.68522636659986
37.06401798939714
37.55889208994313
38.085645877170236
40.071760685199024
45.11853398904532
51.651085088848276
52.02383266840866
52.35037836729202
56.062910536039226
56.98075173602615
57.810671571374996
59.214534761749974
59.71094167727097
67.73906508820369
68.98679552027829
69.38085282780753
74.41309741177838
77.73713346052932
83.30665638948403
88.37388020299727
88.81896916146411
89.06644661119617
101.85858680303818
102.96608906284132
106.94813025692224
106.9909384677967
107.14411107370825
107.5733932072269
108.26207301251065
108.51812079830097
110.2938877236636
112.65027134638262
112.85230543265016
113.19862373170372
114.25868566463873
118.75914974698662
119.24231217241572
120.77698935403441
124.71431547528778
127.0829935245979
128.62445900372813
131.1015035694486
137.0175463055955
137.1387650819006
137.83675296194951
137.93856551619024
141.1129046372364
144.72679710310763
146.64950801287364
147.32408588319936
150.09948364265233
150.82516452288064
150.94865252426644
152.42766519224165
152.89595769743187
154.53399479655127
154.93411332471646
155.18791727821144
155.49151792281214
159.84269649559883
162.0210446068761
162.30922344553028
165.48256935813788
167.7268913104283
170.46557646243423
178.2854886306875
181.56544607532874
185.31212344515916
186.85793543319892
187.05446883152717
188.7688471255051
191.38082183905544
192.23976996513306
194.55235848110988
194.86523882756705
195.18015563284143
195.82977347665997
199.02576203046124
199.22742834373662
199.59764677514363
199.8977687007541
200.74983654466223
202.42976323106836
203.52950135550418
203.83327439811524
205.47257003040158
206.2098305540535
209.19105531871446
211.15848061690963
212.34896354624902
213.94737277536524
214.1078398338734
215.4282593473788
217.73497284744826
218.75782725125782
224.0111895488983
224.31997506188873
225.53973666706383
227.39302020429318
230.13982656263852
232.3103719034989
233.0400304505315
235.62742993595634
235.77132047858117
236.71867586494022
238.11708790129182
238.98914688962873
241.33842423326814
244.62527141025907
247.18493804784202
247.39375253730464
248.92319053385359
249.298741027113
257.11158610361576
257.72484491588875
260.41692979978325
264.9307417932009
270.169371983505
274.14659178351485
278.0276020019742
282.4014280705569
283.5575080739975
283.87131619707407
284.9128369536054
285.6133802476427
286.20257328752905
286.3790674400434
290.0653362703233
294.0525374693184
295.89718209432885
299.2136095707265
299.44709607116897
299.64361041705047
300.45687708423975
301.14273470807075
302.5636930259527
303.23143023390276
304.3782443644245
305.97674618854285
307.32312447339086
308.88490539920963
309.79490728431074
310.4320590576556
316.3869877568534
318.9675458390641
320.05450702604
325.53520871965975
325.53654170884056
325.8783047364059
327.3730349141797
328.65195178388217
331.3864580296113
332.0036042148495
332.49612493297514
332.6700976708362
332.8012122929872
335.5602931679673
339.6994515764452
339.74113850332697
339.84147801428844
343.6517823587144
347.3284119076286
347.7095208001474
352.50675461439687
356.46612527546404
356.63741193018586
356.7204376364664
360.4770748371709
361.30636857778586
369.0950902765221
369.83272715197813
371.90092627808053
372.37582479128787
372.37909793215226
374.0395919263267
375.02531806741877
377.3346656066674
377.88015335478144
378.60230534696166
382.18403338229814
384.8199901885473
385.40862443244464
387.64465146677594
388.75020866850946
390.05336720767104
390.5030398011386
394.31145484437434
398.0181874350385
399.1757116283093
408.6234541903716
416.4775606756293
416.5784218590293
416.9619951868726
421.6253082771318
421.7754021249257
422.4850860450399
426.59648323744
430.8466829049519
432.55116374220825
432.8043923001992
438.0987480804263
440.09589857292417
440.9960992957524
441.74513856100975
441.88845421177416
444.08202598331945
447.27777192887606
448.5542724348604
448.6539738107447
450.8547785343867
450.9274668833891
451.2976379957622
452.5770764545314
454.55805005185493
454.90394532747837
454.9598969917249
455.15773139938506
459.3305983619623
463.8361048184854
464.2387335122976
464.82736729080716
466.5876458257908
470.41822593570396
470.6710244537128
473.8091288590217
474.49403866014677
477.19988289379035
477.8001059582705
480.9245085584055
481.74545183332157
482.98187442729454
483.832797795681
484.4096966621348
487.33095253208785
491.9265168298523
493.66260861176556
496.18368844050997
497.3064604069409
500.46312074110074
500.6723468093887
503.8771119373441
507.9481114802579
508.8727943891611
513.9363715507161
514.2415889796468
514.8086509012173
514.9209246268463
520.9981756132038
522.4771682500743
522.8606804879141
525.4742915384531
526.2201944810483
527.2765946928309
529.2857100678541
529.287644637013
531.5834280289309
532.6698774073675
534.6418309836724
536.1460548677151
540.3641504553907
542.1635171578671
546.6394688855548
547.0438251723781
548.7163438360151
557.1925684083255
558.0885961761135
558.1579585514044
562.4319342027038
570.2471356541876
571.7132377200192
574.6337785322785
574.8340757299122
587.1574261886308
589.7013317998444
599.7919399714115
601.1438134277853
601.3572521026404
602.0023661809998
605.4380039495968
606.3746407525689
607.486225848394
608.8162649636442
614.4353360632542
615.7699952207786
617.209928694424
619.2361052367862
619.5434032152764
619.9099251092318
620.9573544326745
624.0820355758467
626.1346759489406
626.4474807086099
627.056575494559
627.339261407471
628.6249291826202
628.945228977462
631.2044666499355
638.0892112482102
639.131964578221
641.2458342670723
643.9302192200753
646.5301333281859
657.8054395028246
658.9579749596976
660.258087863139
667.8958401449026
670.6696143789634
671.6520374546153
672.7012408059086
673.6116040488951
680.6031341811142
681.0117675486092
684.7384325552757
688.7788527986577
689.9478399324164
693.9794624311169
694.8469683931071
695.9850864760285
697.4363192016874
697.5992200274131
699.5229683866839
699.9681953629135
703.3471712932349
703.4548705216741
706.266174846113
707.2210505999944
710.1782077808896
710.9697155666925
712.9232711593702
714.9257656795164
716.6647488970041
717.0867549064549
719.3184436663148
720.7819140383579
721.1159463546487
721.1914081367074
732.3561003447196
734.7881862283755
735.0010502768621
735.8832130163369
736.1844397192597
738.1934329230371
740.0500090646499
741.1954548969497
741.2308403548755
742.6817089176263
744.5306862632024
744.9657224753955
748.2574933263547
754.0866727807281
762.1832790501123
765.6973914460903
766.2072001126669
771.6615991210933
773.2119450914083
786.7607645493492
788.6310526879922
788.8541746316298
795.164231403526
795.6823874927634
798.5107037338082
799.4046433289157
800.1665483289432
800.2644145352094
802.760803712019
804.8784420467716
809.526847758443
813.027277119036
813.8366711091917
814.9913665316046
817.4566688012656
818.2739468829025
823.5319837063969
825.3777798333292
825.7966065195544
825.832625932472
828.1455909450679
828.5580554032815
831.8340571391791
831.9215380874591
836.608834547611
843.5084268524065
843.6524178616714
845.8674907928084
845.9702459138689
846.9792337634021
851.7466563677883
851.8859009123569
852.1631294660237
852.8659334704646
852.8799995441232
852.9741226995272
853.8280729233734
856.5734831512693
857.3493857277049
857.954035410274
876.9182791913065
878.3088457603085
879.2057708461059
881.6984092077712
886.3419745861083
886.7565861877486
886.9533924530913
887.1355945108967
889.06577027971
889.5450638047653
890.5100471560395
896.2933053872907
897.3134662375351
897.7825683410258
899.4304719936031
901.2873255624661
902.4479956502219
907.7840258170895
907.8288571715036
908.5366554489271
913.1861709625393
913.7281837463499
915.5932864492697
918.4056994612588
919.05755994334
921.2919755284097
921.7758322045163
922.0981710042174
933.0136340404447
934.1272063038191
934.6054812190903
937.1741400888111
937.8517913470946
938.1544664644582
942.0407128027248
942.8469916233378
947.8701909729307
948.4647697264743
950.9201232694168
954.4910756987094
954.7544657497465
954.9229330328133
959.641984312623
960.1864693555306
965.6413758057106
967.0660191855834
969.4627274679024
970.6415689251071
970.9603320807489
971.2007754356355
972.033154426744
972.5196073026793
979.4643529973307
982.74062726632
984.2270878969566
986.3574135205654
987.9734035742074
988.2363800000917
988.451050735119
991.0202521653835
992.3655664185947
992.617681837914
993.0231244392305
994.3445367990778
996.7374336389428
997.7228911556892
999.5894680342362
999.7044082195839
