list length:  1000
Before
-791.7714962436282
549.2479035774245
-601.0550942483303
-258.6681786843433
-233.49234966490155
478.0372589217352
-445.74382927689715
784.8216837302207
-372.79660336754364
-986.8869485086647
-227.3409376500939
867.4324838094524
-820.717279044038
-195.5693663674549
-625.7073421877146
108.12526265102588
626.388513016117
211.99833410486485
411.55862038709506
794.1216989074805
-404.0127020792854
20.668039127677503
-134.50774079858172
-216.33387985224647
-251.4464756781856
920.0999149237109
-404.00457053722414
327.93506423467966
-124.3034308253799
-40.71169371626411
-750.9013974755333
-855.910496905009
58.57248649770236
216.14601941437718
858.0909000122949
307.40164792994324
484.93166036125695
196.5400484941049
-885.2860690067919
-561.6230215452009
-677.4661862922994
126.66469117764541
-98.65214061856591
664.5244051553425
79.86797355896965
-638.6025575247554
-751.2314449859791
385.91705550557026
503.2846031255692
-343.28426737854784
-182.48526896253315
183.72210754843422
-416.9148884352103
-879.849976631359
758.1478802757345
-317.4183074429328
-139.45015144803153
484.9594731287973
-484.46934816051487
733.4171852576396
-495.87978779187637
-273.92115542405816
453.93489737417235
571.1567244526825
929.3883825824189
-766.1750657391428
715.040779957839
468.7981425999915
-288.5181460911965
-32.51663785557389
230.6927362339684
-714.0662343054748
-740.6011145048756
-818.3549379737877
-776.8192607561864
402.7409315434636
988.4506208705141
-694.9320090943254
679.438856288963
303.2356429087761
-74.01948502843948
-214.64167548383205
214.21828159143024
-167.52315627882513
-496.22065169260156
558.0091164147211
207.58974795908512
-723.2521973322625
-555.2400209402177
-977.5244209286349
-617.6127135329108
561.0920889939332
-456.34291098645656
388.40326302846574
-542.3910083843689
-866.784978896819
425.8109008735771
-652.5816463395187
133.15662250458286
-970.7710981732573
658.0917888204274
195.19607801569646
-382.2055848376782
204.60722753054688
-481.80682453662916
-484.86506518221734
-751.3318159269513
821.1853415743278
-836.5337080596154
689.2291735560914
-832.2750393004717
-149.07340366542667
-119.0322775183572
-615.1245075920313
8.24774116456922
-79.41242856696238
-739.4937998611995
536.5669729482267
-633.3549866924316
-991.7879612521106
-314.58276776339187
121.31147591973104
504.3223800424946
541.7749438842104
-177.81095819094173
-115.53879026842594
444.3925983275717
-745.0456211019973
8.680672843594834
616.2451839991559
-174.14845957650084
963.9795921549464
-342.26761577728723
693.8944199087566
703.5197007800323
662.201935710917
-3.561331663838587
958.0795980642815
-283.25124674386063
-667.26423150767
-305.44579609667164
-537.2065174545041
659.9018047473035
-397.0808846133285
-637.8574234146972
682.9415923119855
-814.9048254373376
279.84628079919094
442.0162858881465
-773.4816572660161
575.2431656199326
-3.859353332366709
501.2034206601336
754.4414558068304
-732.7395932151064
973.6120361832054
626.7719558517158
164.66695893916904
-96.66617149040871
-257.9119609111442
-32.676882725834844
-377.3535722281522
-332.2002658907875
-808.0617176378257
-931.4679269242251
-440.9174893270007
-208.39007904726168
341.3622989714129
129.80429517992934
653.6509548729989
-557.6370952390378
69.50983260148655
-272.3636250131274
74.68725643398102
-385.0982645258654
586.6671679229819
-496.37643887573677
984.7134838142076
163.33201090798957
456.434654083394
-663.5931934665011
227.04796960916838
-457.6924091507559
242.0775197741791
252.36399421200645
243.65133708624444
118.49984677135467
-372.71228849497356
519.53289991172
680.7910729760436
422.4992055413645
-62.718641687764034
671.2978937353848
127.69938274864239
-928.1949747727454
-891.2578745300755
15.6796870196481
-281.56094501997165
-628.1573688379274
-174.3311299132397
772.9787668751135
575.9846048722222
-472.6060538749392
25.149482601417276
297.05749225187014
-672.6555424840526
-507.7905892941874
161.44444800882934
722.2467775604982
-45.528267268139416
835.3329075235604
652.7431252764395
-834.8201127292663
-145.19327086489773
-310.4670320707328
234.1472423895998
-14.308795204544026
-121.20589798081744
319.28879646401765
-741.9657715533918
139.66961875117204
-449.7077654110076
-525.1380868996273
77.99428077932157
-110.54437611715446
794.0215601186499
49.864463955603924
724.6636800978868
649.028341488884
-13.01440339634064
-311.97499168919137
798.4609163787718
-418.07241068605447
656.3447639501715
-404.9254493896168
-12.096057111536766
-456.5352668293257
332.37701205995836
152.52093577600976
637.8178109858127
-336.69932646079155
-984.0477167790751
-581.3684971876951
382.54889250704537
-0.24185819128103958
-405.9303993763947
-274.01348965173054
-254.3731953086052
777.731303663729
125.58480356764221
642.775411665951
584.2378200428657
132.26063400165663
488.17872088275453
-857.1429186520072
-51.2268218870737
-95.05823998877031
-814.0062922838118
-459.1985933779987
-60.59850916976825
687.1293237854413
-265.2816728249496
58.84337572271534
631.2504695553025
-721.4689768385822
-739.8517187121549
-72.54294460424694
-380.32367689947
-292.8625138354164
477.7099318303933
-191.32635149978023
673.3329589327054
-905.1330441595833
718.1349997054781
489.5190995705557
842.06063394579
392.1037523997295
638.4061831637337
-835.7688090089634
-334.2346494429602
273.92619119055735
910.2005176738382
400.0660894973398
523.2957446094179
-563.3022233153378
-45.30918651353352
-463.3533327473376
106.4207045816147
-481.97650221288654
599.0362079057682
173.79805919514865
175.6818243565383
679.1717452118564
-984.3794170200497
775.5368464623755
-895.1252333549273
777.1174675459442
80.58240921709239
-596.8419339281319
-750.6965571740363
977.9148944235969
-576.7951522708074
277.6015107735989
-981.2087311324444
545.9184948240056
980.4356532795423
-575.212599529759
467.4962403958614
-950.6574366624629
960.0456115457453
-354.3218637206138
710.4868168795772
-750.1079791528477
-767.9999821033085
870.6683980002351
-275.7932987094141
-423.0720616826344
481.4387672820442
11.095207857114701
-1.9478298665513876
-722.4953310756392
-719.7896233524477
-924.7684832476393
962.3116734767311
800.555506357159
-396.861024866741
-649.3531751167407
-537.0076795976238
517.7884018246991
364.368834806829
-868.0427631548848
-766.1014025775095
-138.54441923446643
993.6815975658405
-37.27426439642852
837.3174663528075
-116.07309977660975
-236.46934862762907
-276.52453818739616
889.7793186792533
-262.6236796873611
-723.5312275220649
936.5288165402849
-920.8439345851924
40.04048235932373
-87.33482401432275
-651.7649331186175
208.71940359267592
-621.059716782137
-940.6474655781029
287.8231579980197
-14.831606697533175
-488.9399765378419
-379.78492368571426
-980.1849288236026
-561.4311514978631
646.2492719837471
655.4139453449159
306.80841684298025
614.9541133014209
648.8500401354361
548.7081993774837
403.37055115953353
196.22972874008383
154.21922810722435
222.98213735351783
297.4208211159166
594.2865514757366
19.626147487639855
412.1009741037715
-906.8134743794805
187.50531624248833
-310.43720314050165
-457.58015794240725
-464.43551104332755
-78.59253498071416
752.0336405796331
879.5733397842253
988.7852359293745
-28.684021998256753
623.4159515553276
562.7589449126262
216.53735496320314
558.8879893062247
281.34866972572445
-365.354178032057
-592.6199768023781
-507.27766178573773
796.7048565920454
-765.4198871112294
-473.1170710097306
553.3010763314908
-992.482247231389
-279.65009656546385
360.53769428091755
-2.5286112135818257
616.0519957138524
900.0591100639326
-752.2082008208031
-737.9211627861541
259.4483153923045
414.0276076345374
-568.9705545548907
-521.44991069459
-486.01921765230554
127.1204509074073
-811.0803052358451
-657.637174520052
-775.9855029235443
-412.65749800005744
-73.97021761013468
519.8325082312806
-103.61746935368046
902.757847227276
-87.61071611126602
304.56523054864806
566.1371834402669
167.25191391435214
132.3144814955649
644.6629573344765
-550.401192232822
375.5625697007565
-980.9327983162515
369.3697736217182
824.1066325291517
-616.8452811727591
-186.24446931574323
-463.07296660802933
759.6648871230148
-66.18881050327127
-406.37641809103945
49.882534361336184
-65.25810900140618
-582.628311734273
-825.2696037099283
504.23232990214547
883.384864773634
723.0504066635108
-535.0147041326052
845.475648681085
-17.57124580898312
-604.1658987494559
-651.1342040213342
969.0936917389645
433.2350581063247
431.4058437251781
16.265964242415635
379.3015406131549
-527.7965608395727
534.3490007715909
662.0085106787265
-580.1596635368289
-350.83001882625786
-202.17660495230155
-412.65361081491085
-118.80863168020903
305.4532092220595
739.5364289379434
-520.4157525904832
803.5658517402746
349.5680661897177
-88.47032454208568
757.8083551261047
258.3883261398671
-646.9268902093013
89.17977830052564
301.808774167411
-234.77048627257614
598.9717070580666
441.144537166329
737.5013700632194
497.66144791352326
-656.3192020919137
-158.56319068050698
778.4030767788759
966.1358148620509
-736.0331979467664
399.25914523107963
819.176947244234
319.2558833879475
665.7485129388551
542.5782937720428
-46.94516530011981
-710.023064896744
406.21920361027423
-73.89203505358614
-457.0352477451256
-241.06796560476562
181.70060063149026
-614.888227231005
400.99891166539646
998.6342890690644
-629.2179447799242
-452.9987502136894
-231.88110967097361
51.0548150287334
-607.2748291391208
912.5459151028099
-0.33324381450677265
-693.8046261652124
-40.15750820887433
915.3619095490849
-26.410022981684847
542.5224787606953
78.27055765331193
158.85836766693615
-622.7653968491638
693.347807464711
-741.6088505625888
499.28192223096994
75.29998533371008
-704.0167409173737
759.6063455852038
-657.5761503072717
-539.8247163935373
-631.5922198633803
418.88131394585434
156.98334480083167
-798.9706772022982
-121.45873413099423
-351.5255203965663
-410.9622635161294
652.3421003956812
-893.5564528284157
85.46814750790145
-954.3464398253832
222.8963169946319
540.4612397193657
-392.66060274592724
-277.8706444567207
-40.942733974529006
712.4897250644751
104.3257965388093
985.1433179860073
-551.3322499393985
829.4167149751943
-29.457242523597756
185.2259418106828
-299.8575833087069
-663.9274851328385
235.32892437905957
-110.37190238468611
-873.6170505901437
557.7467809792597
-861.869757989638
887.4803711744544
969.0538269330727
-246.54710476575633
-625.4874532214199
-387.07558858115783
369.1138363184066
158.8139727366879
-926.7725445164319
-809.8513490917907
-112.00533484494008
-510.1565629464413
-746.5234883557744
-845.6859864329793
260.01262450759486
956.3766897954097
-196.1645962148824
-942.3933275488301
-310.9660705248607
866.5432065805758
-848.9708892775667
-35.87930016364351
-996.2737681791423
-257.791891851134
101.48689776342076
-69.35070960534006
-549.0535509727385
-367.5833189674129
-514.9519916228255
-520.5406089485358
380.845818554164
547.9481522795413
557.3842501982958
-494.4425962996668
275.72861284191436
-813.2888840028936
-524.6630689924052
268.36107704326605
168.42338077417526
-835.0425316959424
908.0331601506032
706.8443476166422
743.6054985879352
562.987257971695
-391.0713545793576
-249.030625206075
22.0819456475798
142.11463536215433
-202.09362054719463
-251.6826763917403
-489.60549213586637
417.3154726768498
-927.3228240000293
690.2801813114863
897.7490690677303
-388.2666810476418
-128.4391340254782
599.51618542906
741.3403596942974
-568.332612227467
-231.2430502231058
556.1756511007036
749.2914186513467
944.8985854120599
-738.7866744719396
-141.92992597675413
688.197136112803
-828.3150732722002
-572.1171276619394
-77.68096156582249
573.3388334746599
-556.097394390385
-885.0733697521549
139.69046303118398
-897.4025661843923
-738.3346197033555
-519.9264876084176
-496.3877200832172
115.23763110570076
-262.80445288553983
-678.530790978366
815.7559068561575
724.1857992422488
519.9246539654075
276.39255860986145
575.9496385798523
-842.3324560996133
-323.9101207763422
-380.2425590339092
-848.4256696901418
19.100579668371893
582.2907392330078
359.912485291097
-183.14098077553842
-592.750782379221
709.2295428451835
5.018077100875416
886.3642253336448
97.1941986198849
295.9573416809503
568.0255687706315
709.1567361155348
376.673167067132
441.48900348579605
98.62816473024895
202.2644707673005
-725.2040046043921
853.5373005108925
-401.89783449388665
-473.993980350476
97.8319096340856
-584.0508347444879
-48.054457290956066
874.0955232224601
836.1028936164448
-12.348924369733481
-25.796354996066725
-183.52685594148818
-333.30850251439335
706.6871480537438
-913.7660704092299
802.0871741084909
-958.7500619748972
46.39632532751989
449.4887101856509
988.7600951535035
739.791311622535
-343.06571582150264
35.00411116562623
453.7832020944993
638.7613899890785
944.241802394165
-721.6291120422952
-823.219578073457
30.129718211771888
532.230912070054
2.9724623815039877
983.440628028764
-376.06471885362475
624.4451180991728
160.0390315477116
656.2753646387541
-545.8002133628006
-504.50870054538854
151.61207862312676
-189.46186532160493
-681.8153322702835
-251.22748530504646
885.8704618414349
-891.8879086378436
870.8019099179203
-836.8067359455431
-59.00291113224341
-21.190813234124107
437.07464901749745
748.4586189797863
-552.5828515989848
953.6170520904973
519.7073344323849
-528.028984952295
-140.08671999687965
-838.8347460795264
19.472575043405072
-110.46849649473404
-906.1537229423009
-909.4856268017941
761.8441361862522
206.88672170610812
-130.08218132944944
-983.3895071466601
-705.6938184342921
342.370093787913
-482.4420134491054
-402.75595346650755
347.5171564876082
-651.30892474704
398.33294194627024
131.6701135631813
171.09683741720687
-120.81907749911272
-769.678223106822
150.62923807973675
-702.2697347861579
-805.0448804159802
702.8502982704849
760.160574466702
-842.3338929168171
-586.0299169476311
-789.7975899163778
-969.4608226234125
-650.0357618015513
-555.691799722722
897.9049224523828
191.73247123451506
522.9517051741532
-298.32572878711017
39.48086191485845
203.98579441268407
-173.7856265936357
-499.0345795960427
-741.38185754696
292.16367381934515
-819.5039650971039
857.477791191103
-81.76333233781463
510.858777039733
658.8146119812493
461.6785803631433
-779.9385488464857
347.61614810990045
522.2152124745487
414.1422644727388
256.4378335315455
472.70653696441354
696.198054997318
-870.6002742434016
-474.1184870456077
-828.1405274445679
58.77842013360532
-546.082163301298
928.7813509918601
-217.2935743998687
175.34807567047983
-642.2102816005921
-368.1954003080565
-75.85832202278891
921.8101962963824
-174.729894240097
-139.18628135164317
705.1253598419903
-814.3456779238352
627.4376429768004
902.2982218830887
-341.10198172162234
639.1391637738805
-45.24868983561328
346.4216931278993
967.1471477479379
-776.7174447052097
-925.1724946027932
-602.5042982007893
889.0788197585653
543.7259609613247
-742.0742893696422
-20.136973164100823
338.3302007366726
482.0665004142379
-368.2875250612816
-765.2142824149828
925.854306271968
-230.60510656027168
109.94224665249953
-991.2939426096856
-523.5788761059891
-112.77838355731842
-561.6332168417257
420.63277734167923
940.5615408554393
562.300085731714
936.7712949318934
-726.7928630910532
-855.3333911636718
-23.593821218425887
613.6991554316191
590.8925381019606
689.4211284540004
160.95832476558053
999.4952564700104
973.4307753922794
678.9606280380863
753.9216060773026
-279.3259759136615
-629.4746961387809
314.9396843879547
176.68347336757097
-599.4521159685571
422.6926957352764
335.9008194434707
832.3284870995128
615.9740016068838
-197.94168216991113
462.6262155532322
914.0214695005175
23.628661773304543
-7.567871364968937
985.2166424352938
-105.18786780619621
-415.2268232512672
45.23811612448867
419.09875307592847
-384.2155564089576
-383.8499303412632
-451.4041034294755
-415.21374645774983
19.097263612849474
544.8741614989397
157.06614475709034
-330.7949538195089
312.70542115569197
209.95185356183765
-22.532982948747986
-583.779047793374
730.8152920577229
189.61417399087895
-457.86010698032317
37.65516636383177
65.99402995638275
-594.2189225861814
40.29347018070439
-818.0174898141863
172.57846813487072
197.98146121579384
264.0835682593836
19.63144886324892
976.9836713237833
-367.8668432879035
761.6781605280357
-418.87916617617793
-649.1860071648073
-939.3176247661403
-986.6140817603422
-936.3849221982967
763.8273781746386
-144.20796576943064
-438.9629615596551
424.19022102461327
-698.2294049270204
357.8546860823194
-292.82916057559237
-316.4999887982332
-794.6443222835958
399.7321073369642
572.9257734305688
-725.2327110056754
723.4112568898327
-514.7601711449017
846.7451869133658
-339.99591504100476
8.809506880319532
-905.6183372613666
-755.7760747125626
-269.4068555827482
161.83742841088883
-748.2804395711853
-489.1328613512047
663.1980611552044
824.9900745614705
329.2640254870305
945.682716568394
-537.0306235677309
270.3982592063446
779.9809785106013
-727.9834144042603
889.1784575564295
-723.2030135380203
-83.87288485676731
-643.061581110264
-35.554462188708726
-55.093320655615
-869.3403313310998
291.65058693660217
195.80275277471833
-388.03807455585
-220.0502481996591
-954.0992718321663
282.31233405396574
392.3201120191718
911.0960080944317
-468.5240253758343
780.8234101774772
755.4497310628351
-248.56128066702672
-458.2957920473963
-327.5326602352267
-35.251353932863594
307.5804436708338
-720.3547932896934
0.8353663738791965
289.07665559582074
-997.3521188612267
-965.5181865928848
942.035416912646
-523.0034637493034
-883.3446312018675
-885.2971875820832
-408.71582416059766
952.9514755358305
-301.8463678399064
411.8588814980833
-68.6476758526178
264.5269154530183
-846.7969330703844
546.2673757960483
-834.138870148912
-704.6024144122057
-847.5945768327293
-379.60432265468796
314.95749837133394
838.1502772974493
83.85270907404174
318.76881699235514
222.30479518294806
-343.5681527179686
-172.97961936979698
-956.3032039619148
-119.61246965743192
836.9421849617158
5.02482454202368
913.7177066214713
928.2405193433517
177.99079144305824
-940.7921618736257
967.028058193091
-20.038616826614657
-790.1257414782366
94.31154994887152
-549.6611927644379
850.7376803352256
782.0201002733302
515.6714707053013
-120.0451236514499
-671.3208115124271
-151.53902756077218
-346.20607121295063
-607.7390244088322
11.02096140578817
318.55352979555323
-893.6327085611659
80.85291768502157
433.71051994691766
-655.6085725394939
-817.2514688609845
101.18928910461682
-13.224907681080367
-413.8799905080648
-871.4999553122393
89.58474964082257
202.1404898195351
379.2615775918316
964.1600683330532
907.9647582896737
97.86705141590414
-375.7636563826534
380.467285554196
235.53147836378753
-851.9794929736375
-982.2655904581054
610.3466150825261
-768.4527287147187
-498.3365731379847
-308.43305457932877
481.46601510191704
-836.6674404793015
650.9822360857765
-865.9945755190073
248.96210327024096
Sort type: Up
time:1.079s
Count: 980
After
-997.3521188612267
-996.2737681791423
-992.482247231389
-991.7879612521106
-991.2939426096856
-986.8869485086647
-986.6140817603422
-984.3794170200497
-984.0477167790751
-983.3895071466601
-982.2655904581054
-981.2087311324444
-980.9327983162515
-980.1849288236026
-977.5244209286349
-970.7710981732573
-969.4608226234125
-965.5181865928848
-958.7500619748972
-956.3032039619148
-954.3464398253832
-954.0992718321663
-950.6574366624629
-942.3933275488301
-940.7921618736257
-940.6474655781029
-939.3176247661403
-936.3849221982967
-931.4679269242251
-928.1949747727454
-927.3228240000293
-926.7725445164319
-925.1724946027932
-924.7684832476393
-920.8439345851924
-913.7660704092299
-909.4856268017941
-906.8134743794805
-906.1537229423009
-905.6183372613666
-905.1330441595833
-897.4025661843923
-895.1252333549273
-893.6327085611659
-893.5564528284157
-891.8879086378436
-891.2578745300755
-885.2971875820832
-885.2860690067919
-885.0733697521549
-883.3446312018675
-879.849976631359
-873.6170505901437
-871.4999553122393
-870.6002742434016
-869.3403313310998
-868.0427631548848
-866.784978896819
-865.9945755190073
-861.869757989638
-857.1429186520072
-855.910496905009
-855.3333911636718
-851.9794929736375
-848.9708892775667
-848.4256696901418
-847.5945768327293
-846.7969330703844
-845.6859864329793
-842.3338929168171
-842.3324560996133
-838.8347460795264
-836.8067359455431
-836.6674404793015
-836.5337080596154
-835.7688090089634
-835.0425316959424
-834.8201127292663
-834.138870148912
-832.2750393004717
-828.3150732722002
-828.1405274445679
-825.2696037099283
-823.219578073457
-820.717279044038
-819.5039650971039
-818.3549379737877
-818.0174898141863
-817.2514688609845
-814.9048254373376
-814.3456779238352
-814.0062922838118
-813.2888840028936
-811.0803052358451
-809.8513490917907
-808.0617176378257
-805.0448804159802
-798.9706772022982
-794.6443222835958
-791.7714962436282
-790.1257414782366
-789.7975899163778
-779.9385488464857
-776.8192607561864
-776.7174447052097
-775.9855029235443
-773.4816572660161
-769.678223106822
-768.4527287147187
-767.9999821033085
-766.1750657391428
-766.1014025775095
-765.4198871112294
-765.2142824149828
-755.7760747125626
-752.2082008208031
-751.3318159269513
-751.2314449859791
-750.9013974755333
-750.6965571740363
-750.1079791528477
-748.2804395711853
-746.5234883557744
-745.0456211019973
-742.0742893696422
-741.9657715533918
-741.6088505625888
-741.38185754696
-740.6011145048756
-739.8517187121549
-739.4937998611995
-738.7866744719396
-738.3346197033555
-737.9211627861541
-736.0331979467664
-732.7395932151064
-727.9834144042603
-726.7928630910532
-725.2327110056754
-725.2040046043921
-723.5312275220649
-723.2521973322625
-723.2030135380203
-722.4953310756392
-721.6291120422952
-721.4689768385822
-720.3547932896934
-719.7896233524477
-714.0662343054748
-710.023064896744
-705.6938184342921
-704.6024144122057
-704.0167409173737
-702.2697347861579
-698.2294049270204
-694.9320090943254
-693.8046261652124
-681.8153322702835
-678.530790978366
-677.4661862922994
-672.6555424840526
-671.3208115124271
-667.26423150767
-663.9274851328385
-663.5931934665011
-657.637174520052
-657.5761503072717
-656.3192020919137
-655.6085725394939
-652.5816463395187
-651.7649331186175
-651.30892474704
-651.1342040213342
-650.0357618015513
-649.3531751167407
-649.1860071648073
-646.9268902093013
-643.061581110264
-642.2102816005921
-638.6025575247554
-637.8574234146972
-633.3549866924316
-631.5922198633803
-629.4746961387809
-629.2179447799242
-628.1573688379274
-625.7073421877146
-625.4874532214199
-622.7653968491638
-621.059716782137
-617.6127135329108
-616.8452811727591
-615.1245075920313
-614.888227231005
-607.7390244088322
-607.2748291391208
-604.1658987494559
-602.5042982007893
-601.0550942483303
-599.4521159685571
-596.8419339281319
-594.2189225861814
-592.750782379221
-592.6199768023781
-586.0299169476311
-584.0508347444879
-583.779047793374
-582.628311734273
-581.3684971876951
-580.1596635368289
-576.7951522708074
-575.212599529759
-572.1171276619394
-568.9705545548907
-568.332612227467
-563.3022233153378
-561.6332168417257
-561.6230215452009
-561.4311514978631
-557.6370952390378
-556.097394390385
-555.691799722722
-555.2400209402177
-552.5828515989848
-551.3322499393985
-550.401192232822
-549.6611927644379
-549.0535509727385
-546.082163301298
-545.8002133628006
-542.3910083843689
-539.8247163935373
-537.2065174545041
-537.0306235677309
-537.0076795976238
-535.0147041326052
-528.028984952295
-527.7965608395727
-525.1380868996273
-524.6630689924052
-523.5788761059891
-523.0034637493034
-521.44991069459
-520.5406089485358
-520.4157525904832
-519.9264876084176
-514.9519916228255
-514.7601711449017
-510.1565629464413
-507.7905892941874
-507.27766178573773
-504.50870054538854
-499.0345795960427
-498.3365731379847
-496.3877200832172
-496.37643887573677
-496.22065169260156
-495.87978779187637
-494.4425962996668
-489.60549213586637
-489.1328613512047
-488.9399765378419
-486.01921765230554
-484.86506518221734
-484.46934816051487
-482.4420134491054
-481.97650221288654
-481.80682453662916
-474.1184870456077
-473.993980350476
-473.1170710097306
-472.6060538749392
-468.5240253758343
-464.43551104332755
-463.3533327473376
-463.07296660802933
-459.1985933779987
-458.2957920473963
-457.86010698032317
-457.6924091507559
-457.58015794240725
-457.0352477451256
-456.5352668293257
-456.34291098645656
-452.9987502136894
-451.4041034294755
-449.7077654110076
-445.74382927689715
-440.9174893270007
-438.9629615596551
-423.0720616826344
-418.87916617617793
-418.07241068605447
-416.9148884352103
-415.2268232512672
-415.21374645774983
-413.8799905080648
-412.65749800005744
-412.65361081491085
-410.9622635161294
-408.71582416059766
-406.37641809103945
-405.9303993763947
-404.9254493896168
-404.0127020792854
-404.00457053722414
-402.75595346650755
-401.89783449388665
-397.0808846133285
-396.861024866741
-392.66060274592724
-391.0713545793576
-388.2666810476418
-388.03807455585
-387.07558858115783
-385.0982645258654
-384.2155564089576
-383.8499303412632
-382.2055848376782
-380.32367689947
-380.2425590339092
-379.78492368571426
-379.60432265468796
-377.3535722281522
-376.06471885362475
-375.7636563826534
-372.79660336754364
-372.71228849497356
-368.2875250612816
-368.1954003080565
-367.8668432879035
-367.5833189674129
-365.354178032057
-354.3218637206138
-351.5255203965663
-350.83001882625786
-346.20607121295063
-343.5681527179686
-343.28426737854784
-343.06571582150264
-342.26761577728723
-341.10198172162234
-339.99591504100476
-336.69932646079155
-334.2346494429602
-333.30850251439335
-332.2002658907875
-330.7949538195089
-327.5326602352267
-323.9101207763422
-317.4183074429328
-316.4999887982332
-314.58276776339187
-311.97499168919137
-310.9660705248607
-310.4670320707328
-310.43720314050165
-308.43305457932877
-305.44579609667164
-301.8463678399064
-299.8575833087069
-298.32572878711017
-292.8625138354164
-292.82916057559237
-288.5181460911965
-283.25124674386063
-281.56094501997165
-279.65009656546385
-279.3259759136615
-277.8706444567207
-276.52453818739616
-275.7932987094141
-274.01348965173054
-273.92115542405816
-272.3636250131274
-269.4068555827482
-265.2816728249496
-262.80445288553983
-262.6236796873611
-258.6681786843433
-257.9119609111442
-257.791891851134
-254.3731953086052
-251.6826763917403
-251.4464756781856
-251.22748530504646
-249.030625206075
-248.56128066702672
-246.54710476575633
-241.06796560476562
-236.46934862762907
-234.77048627257614
-233.49234966490155
-231.88110967097361
-231.2430502231058
-230.60510656027168
-227.3409376500939
-220.0502481996591
-217.2935743998687
-216.33387985224647
-214.64167548383205
-208.39007904726168
-202.17660495230155
-202.09362054719463
-197.94168216991113
-196.1645962148824
-195.5693663674549
-191.32635149978023
-189.46186532160493
-186.24446931574323
-183.52685594148818
-183.14098077553842
-182.48526896253315
-177.81095819094173
-174.729894240097
-174.3311299132397
-174.14845957650084
-173.7856265936357
-172.97961936979698
-167.52315627882513
-158.56319068050698
-151.53902756077218
-149.07340366542667
-145.19327086489773
-144.20796576943064
-141.92992597675413
-140.08671999687965
-139.45015144803153
-139.18628135164317
-138.54441923446643
-134.50774079858172
-130.08218132944944
-128.4391340254782
-124.3034308253799
-121.45873413099423
-121.20589798081744
-120.81907749911272
-120.0451236514499
-119.61246965743192
-119.0322775183572
-118.80863168020903
-116.07309977660975
-115.53879026842594
-112.77838355731842
-112.00533484494008
-110.54437611715446
-110.46849649473404
-110.37190238468611
-105.18786780619621
-103.61746935368046
-98.65214061856591
-96.66617149040871
-95.05823998877031
-88.47032454208568
-87.61071611126602
-87.33482401432275
-83.87288485676731
-81.76333233781463
-79.41242856696238
-78.59253498071416
-77.68096156582249
-75.85832202278891
-74.01948502843948
-73.97021761013468
-73.89203505358614
-72.54294460424694
-69.35070960534006
-68.6476758526178
-66.18881050327127
-65.25810900140618
-62.718641687764034
-60.59850916976825
-59.00291113224341
-55.093320655615
-51.2268218870737
-48.054457290956066
-46.94516530011981
-45.528267268139416
-45.30918651353352
-45.24868983561328
-40.942733974529006
-40.71169371626411
-40.15750820887433
-37.27426439642852
-35.87930016364351
-35.554462188708726
-35.251353932863594
-32.676882725834844
-32.51663785557389
-29.457242523597756
-28.684021998256753
-26.410022981684847
-25.796354996066725
-23.593821218425887
-22.532982948747986
-21.190813234124107
-20.136973164100823
-20.038616826614657
-17.57124580898312
-14.831606697533175
-14.308795204544026
-13.224907681080367
-13.01440339634064
-12.348924369733481
-12.096057111536766
-7.567871364968937
-3.859353332366709
-3.561331663838587
-2.5286112135818257
-1.9478298665513876
-0.33324381450677265
-0.24185819128103958
0.8353663738791965
2.9724623815039877
5.018077100875416
5.02482454202368
8.24774116456922
8.680672843594834
8.809506880319532
11.02096140578817
11.095207857114701
15.6796870196481
16.265964242415635
19.097263612849474
19.100579668371893
19.472575043405072
19.626147487639855
19.63144886324892
20.668039127677503
22.0819456475798
23.628661773304543
25.149482601417276
30.129718211771888
35.00411116562623
37.65516636383177
39.48086191485845
40.04048235932373
40.29347018070439
45.23811612448867
46.39632532751989
49.864463955603924
49.882534361336184
51.0548150287334
58.57248649770236
58.77842013360532
58.84337572271534
65.99402995638275
69.50983260148655
74.68725643398102
75.29998533371008
77.99428077932157
78.27055765331193
79.86797355896965
80.58240921709239
80.85291768502157
83.85270907404174
85.46814750790145
89.17977830052564
89.58474964082257
94.31154994887152
97.1941986198849
97.8319096340856
97.86705141590414
98.62816473024895
101.18928910461682
101.48689776342076
104.3257965388093
106.4207045816147
108.12526265102588
109.94224665249953
115.23763110570076
118.49984677135467
121.31147591973104
125.58480356764221
126.66469117764541
127.1204509074073
127.69938274864239
129.80429517992934
131.6701135631813
132.26063400165663
132.3144814955649
133.15662250458286
139.66961875117204
139.69046303118398
142.11463536215433
150.62923807973675
151.61207862312676
152.52093577600976
154.21922810722435
156.98334480083167
157.06614475709034
158.8139727366879
158.85836766693615
160.0390315477116
160.95832476558053
161.44444800882934
161.83742841088883
163.33201090798957
164.66695893916904
167.25191391435214
168.42338077417526
171.09683741720687
172.57846813487072
173.79805919514865
175.34807567047983
175.6818243565383
176.68347336757097
177.99079144305824
181.70060063149026
183.72210754843422
185.2259418106828
187.50531624248833
189.61417399087895
191.73247123451506
195.19607801569646
195.80275277471833
196.22972874008383
196.5400484941049
197.98146121579384
202.1404898195351
202.2644707673005
203.98579441268407
204.60722753054688
206.88672170610812
207.58974795908512
208.71940359267592
209.95185356183765
211.99833410486485
214.21828159143024
216.14601941437718
216.53735496320314
222.30479518294806
222.8963169946319
222.98213735351783
227.04796960916838
230.6927362339684
234.1472423895998
235.32892437905957
235.53147836378753
242.0775197741791
243.65133708624444
248.96210327024096
252.36399421200645
256.4378335315455
258.3883261398671
259.4483153923045
260.01262450759486
264.0835682593836
264.5269154530183
268.36107704326605
270.3982592063446
273.92619119055735
275.72861284191436
276.39255860986145
277.6015107735989
279.84628079919094
281.34866972572445
282.31233405396574
287.8231579980197
289.07665559582074
291.65058693660217
292.16367381934515
295.9573416809503
297.05749225187014
297.4208211159166
301.808774167411
303.2356429087761
304.56523054864806
305.4532092220595
306.80841684298025
307.40164792994324
307.5804436708338
312.70542115569197
314.9396843879547
314.95749837133394
318.55352979555323
318.76881699235514
319.2558833879475
319.28879646401765
327.93506423467966
329.2640254870305
332.37701205995836
335.9008194434707
338.3302007366726
341.3622989714129
342.370093787913
346.4216931278993
347.5171564876082
347.61614810990045
349.5680661897177
357.8546860823194
359.912485291097
360.53769428091755
364.368834806829
369.1138363184066
369.3697736217182
375.5625697007565
376.673167067132
379.2615775918316
379.3015406131549
380.467285554196
380.845818554164
382.54889250704537
385.91705550557026
388.40326302846574
392.1037523997295
392.3201120191718
398.33294194627024
399.25914523107963
399.7321073369642
400.0660894973398
400.99891166539646
402.7409315434636
403.37055115953353
406.21920361027423
411.55862038709506
411.8588814980833
412.1009741037715
414.0276076345374
414.1422644727388
417.3154726768498
418.88131394585434
419.09875307592847
420.63277734167923
422.4992055413645
422.6926957352764
424.19022102461327
425.8109008735771
431.4058437251781
433.2350581063247
433.71051994691766
437.07464901749745
441.144537166329
441.48900348579605
442.0162858881465
444.3925983275717
449.4887101856509
453.7832020944993
453.93489737417235
456.434654083394
461.6785803631433
462.6262155532322
467.4962403958614
468.7981425999915
472.70653696441354
477.7099318303933
478.0372589217352
481.4387672820442
481.46601510191704
482.0665004142379
484.93166036125695
484.9594731287973
488.17872088275453
489.5190995705557
497.66144791352326
499.28192223096994
501.2034206601336
503.2846031255692
504.23232990214547
504.3223800424946
510.858777039733
515.6714707053013
517.7884018246991
519.53289991172
519.7073344323849
519.8325082312806
519.9246539654075
522.2152124745487
522.9517051741532
523.2957446094179
532.230912070054
534.3490007715909
536.5669729482267
540.4612397193657
541.7749438842104
542.5224787606953
542.5782937720428
543.7259609613247
544.8741614989397
545.9184948240056
546.2673757960483
547.9481522795413
548.7081993774837
549.2479035774245
553.3010763314908
556.1756511007036
557.3842501982958
557.7467809792597
558.0091164147211
558.8879893062247
561.0920889939332
562.300085731714
562.7589449126262
562.987257971695
566.1371834402669
568.0255687706315
571.1567244526825
572.9257734305688
573.3388334746599
575.2431656199326
575.9496385798523
575.9846048722222
582.2907392330078
584.2378200428657
586.6671679229819
590.8925381019606
594.2865514757366
598.9717070580666
599.0362079057682
599.51618542906
610.3466150825261
613.6991554316191
614.9541133014209
615.9740016068838
616.0519957138524
616.2451839991559
623.4159515553276
624.4451180991728
626.388513016117
626.7719558517158
627.4376429768004
631.2504695553025
637.8178109858127
638.4061831637337
638.7613899890785
639.1391637738805
642.775411665951
644.6629573344765
646.2492719837471
648.8500401354361
649.028341488884
650.9822360857765
652.3421003956812
652.7431252764395
653.6509548729989
655.4139453449159
656.2753646387541
656.3447639501715
658.0917888204274
658.8146119812493
659.9018047473035
662.0085106787265
662.201935710917
663.1980611552044
664.5244051553425
665.7485129388551
671.2978937353848
673.3329589327054
678.9606280380863
679.1717452118564
679.438856288963
680.7910729760436
682.9415923119855
687.1293237854413
688.197136112803
689.2291735560914
689.4211284540004
690.2801813114863
693.347807464711
693.8944199087566
696.198054997318
702.8502982704849
703.5197007800323
705.1253598419903
706.6871480537438
706.8443476166422
709.1567361155348
709.2295428451835
710.4868168795772
712.4897250644751
715.040779957839
718.1349997054781
722.2467775604982
723.0504066635108
723.4112568898327
724.1857992422488
724.6636800978868
730.8152920577229
733.4171852576396
737.5013700632194
739.5364289379434
739.791311622535
741.3403596942974
743.6054985879352
748.4586189797863
749.2914186513467
752.0336405796331
753.9216060773026
754.4414558068304
755.4497310628351
757.8083551261047
758.1478802757345
759.6063455852038
759.6648871230148
760.160574466702
761.6781605280357
761.8441361862522
763.8273781746386
772.9787668751135
775.5368464623755
777.1174675459442
777.731303663729
778.4030767788759
779.9809785106013
780.8234101774772
782.0201002733302
784.8216837302207
794.0215601186499
794.1216989074805
796.7048565920454
798.4609163787718
800.555506357159
802.0871741084909
803.5658517402746
815.7559068561575
819.176947244234
821.1853415743278
824.1066325291517
824.9900745614705
829.4167149751943
832.3284870995128
835.3329075235604
836.1028936164448
836.9421849617158
837.3174663528075
838.1502772974493
842.06063394579
845.475648681085
846.7451869133658
850.7376803352256
853.5373005108925
857.477791191103
858.0909000122949
866.5432065805758
867.4324838094524
870.6683980002351
870.8019099179203
874.0955232224601
879.5733397842253
883.384864773634
885.8704618414349
886.3642253336448
887.4803711744544
889.0788197585653
889.1784575564295
889.7793186792533
897.7490690677303
897.9049224523828
900.0591100639326
902.2982218830887
902.757847227276
907.9647582896737
908.0331601506032
910.2005176738382
911.0960080944317
912.5459151028099
913.7177066214713
914.0214695005175
915.3619095490849
920.0999149237109
921.8101962963824
925.854306271968
928.2405193433517
928.7813509918601
929.3883825824189
936.5288165402849
936.7712949318934
940.5615408554393
942.035416912646
944.241802394165
944.8985854120599
945.682716568394
952.9514755358305
953.6170520904973
956.3766897954097
958.0795980642815
960.0456115457453
962.3116734767311
963.9795921549464
964.1600683330532
966.1358148620509
967.028058193091
967.1471477479379
969.0538269330727
969.0936917389645
973.4307753922794
973.6120361832054
976.9836713237833
977.9148944235969
980.4356532795423
983.440628028764
984.7134838142076
985.1433179860073
985.2166424352938
988.4506208705141
988.7600951535035
988.7852359293745
993.6815975658405
998.6342890690644
999.4952564700104
