list length:  2000
Before
74320
24003
-40695
-21321
14564
-90250
-38015
-50317
-11836
-60713
14062
-14998
78546
3088
69056
-80973
70917
90901
36765
-79702
-29068
-22166
-46495
-34996
34260
36339
91002
-38175
-29357
-2080
-23643
-95726
37794
61225
36412
-42796
-5782
-83747
46535
-86401
-9505
-57279
96040
26186
33490
-57128
-47522
-97013
28277
77682
-25581
97042
-44764
-46765
-52062
26113
57827
-25752
62740
-84502
21770
-66925
28790
74196
-9345
-9870
43681
23554
-46940
-42866
-85597
55780
47079
7428
42943
93849
65265
-85589
79404
-23922
-36387
55971
-39574
45350
36048
-50033
42713
-71670
-68965
12799
-28310
-98137
57716
45460
-66943
34064
14084
34281
-17651
49809
16699
-59320
86137
-38199
84209
-43477
26296
42911
73971
-14639
-9239
84825
63640
61589
-65481
-96218
3641
-51350
-80005
74977
-40517
37222
96135
-56258
46514
-78196
-77197
64804
20956
-56718
-40775
-18290
-6171
-19548
96909
-98152
48613
44559
-69091
-32461
26972
-44472
-73610
4438
4113
95945
-80159
-77324
51034
-59394
57384
-67203
40815
-51534
5663
41288
-75121
-43319
-7798
-71547
-32668
52100
-4530
75262
-44539
21450
-61859
1149
87114
-91369
-60764
-99520
23038
-91459
-40319
-39409
-22282
38197
94888
-93591
90498
-50650
29815
24525
-5876
-34550
33440
-63134
37783
-35116
87319
240
-81474
-4585
-61078
93564
-89285
47384
77872
-29143
63146
95388
-91881
-60551
66004
55903
-59685
70122
16136
-56007
-3786
-62868
35099
13169
9031
-15266
-55215
17276
30065
88505
-66020
-68899
98611
21763
-14686
37147
-53304
69816
76101
-38355
-7540
77341
-38934
-95780
-23997
72739
-22321
-90199
-24820
68901
-27427
-45375
-91044
-4779
-9879
49092
41017
57148
-93584
-35074
-65641
38801
9749
77414
97591
72047
-32918
-27578
54363
96233
-77295
24016
-17991
-99733
-29519
-36100
97805
-41753
3880
-90891
-73589
392
-22661
66628
2372
70763
-51517
52051
-35063
-15564
37748
-12658
-85213
-19342
56743
-64074
34940
-74059
26836
44180
21678
-81197
1216
53226
22312
59202
31630
-41810
19655
76873
22446
97788
-89255
-59196
-14808
-60659
-70547
62197
-91003
71109
-84923
78935
-6585
90400
38348
36832
-8354
-28203
-54650
61409
-33162
-32352
41152
92220
-36551
67215
31609
-14709
-17807
1907
-5319
-47960
-24087
-90902
-83270
-91111
-55348
-29267
72362
84433
2510
-76526
77222
-79491
-37261
24112
43508
-50231
-28908
-90535
68426
24109
-57179
-91519
92414
-69930
-6780
-70592
-27866
63643
-23750
84485
43085
27701
68814
-1628
-6791
-88479
-87495
49606
-92002
13703
63213
-80839
-10164
-34852
-67986
87777
-56898
98613
69582
-72534
41504
-2576
-86070
72403
-3784
-59536
-22839
-3223
-1700
59227
51818
88829
-34923
-25658
-50163
-22011
31792
84102
-45543
-5993
-43703
44680
-28560
99427
17898
68148
-13627
-7634
-12495
-68670
41746
-89181
31821
-50081
-32344
-90085
75455
4313
72691
59881
1621
-773
-27378
-26617
35120
-76722
-46790
12482
-62876
71240
-54438
91253
-65627
58287
-96012
90365
-22874
53572
48537
59283
19476
26209
74587
-42736
-57107
-93723
86543
8917
67760
1569
-92736
88858
80340
-58263
-780
-187
-22520
-1894
-8678
-42062
38120
-2371
-76873
-98714
2357
-72097
-83439
-18013
-75864
-21181
-70137
47778
32592
49665
3205
-13683
95197
90559
24271
21020
78212
87182
-10247
-55422
9379
32163
-198
-18138
31451
-46516
45679
10317
87814
-51698
88225
19089
-10012
-64502
-37620
26629
-44460
-13965
70384
7912
93058
71995
26355
1786
-97312
8364
81104
33325
57848
-23240
5900
42400
-27712
-36569
-84381
-63580
75604
-47140
26311
-57133
35503
99452
38431
-65587
-55541
-9948
42642
84225
9
57732
20476
-79474
-86620
-9022
-60782
-23615
-14586
90253
-99137
-6992
98628
21875
-99764
-42153
-38485
-51396
-49210
-7504
65335
-34184
-92469
-29486
-20115
64866
57787
97134
35229
-97108
78744
77693
53170
42603
-45484
1611
13454
-88989
4220
-52883
63903
-6453
10353
-32239
62654
-67952
64729
99535
-40756
-68447
-61767
-46740
-60250
-18382
-2042
-55368
13363
-6053
-44006
-57156
75086
94379
17700
50932
6247
17784
37398
-63976
9121
-64792
-33773
-49079
-88041
-13756
-57708
25138
91755
-90011
-69577
18026
41365
55658
-48496
945
2691
34111
25251
-22768
50119
-49652
776
32959
67803
92158
11378
42739
-15982
61344
62904
20595
-74110
98789
18754
47510
-48310
15936
96876
-89412
40676
-67578
-5434
-20431
-39168
24509
-78944
-67329
-88964
-23046
-41028
-29784
35295
-76985
9549
-73041
32030
83206
-11092
-16456
-85208
-6611
-42075
-62183
-82002
-10803
93471
32539
36092
16456
6821
-87390
92209
-31390
-99840
-48528
42570
19263
-17087
98066
21186
92073
-71180
90214
-63426
87845
-38979
80353
-41806
91736
24776
46061
85789
16822
-70482
14983
-53303
-1036
46688
-63374
-90418
3309
-73299
-66920
-64714
72893
77837
-76859
93149
-62684
-24038
-98361
-65608
41125
84035
75704
71567
43074
70832
-71229
96879
66736
-53909
-73535
-70735
-58986
-83020
-54691
-98941
12284
-72709
-78649
16141
11370
-87066
-55703
24074
-50739
81305
-80456
-72147
-55973
-93333
77382
-17391
53346
-29323
1708
73110
-53128
88507
-97817
96865
86603
21758
91740
1878
17387
94229
-82177
-81226
-20801
-54750
-79953
-49124
-75870
-32453
19010
-39089
-26038
-34692
-79007
-97828
-80915
33170
18006
18044
-2097
36513
-8720
-84445
-40232
83124
-43229
-87879
18181
-44138
-8215
-42532
22802
53570
45030
-22844
54214
-99359
69245
14464
-78319
-52385
60659
71815
63783
25224
-11816
-36816
-52248
-67465
77509
-92114
-19672
65283
-76931
-32879
-93606
-85726
-42901
86018
90276
-47326
-43808
-36152
82179
-78629
-54458
55618
-64358
32296
61308
42224
-3165
-29260
18001
1205
-30742
-44684
12310
82303
50892
-9393
-8097
-47144
-72675
-73788
22138
-6677
36482
43902
56472
-84396
-76786
-29704
-28485
-33687
-91422
-56123
94778
-64939
-13929
-52685
-52230
49576
-9383
55784
38314
99320
96049
-46255
-83261
-97195
34585
17063
-7826
-30752
43291
53796
8966
-46554
25508
-8595
98386
72867
68105
84132
89253
24617
-12831
-99434
48679
7580
58831
29891
35844
-37399
-85454
-13933
-36301
96606
82240
-55277
-40448
53241
27577
-55919
-63747
-66829
-81372
-23892
39020
-88700
-35496
-48412
-92511
-9603
62709
71511
44611
-99685
-4064
-68408
-52230
-77119
46971
-60262
-57549
-2464
95186
-37179
51677
40675
-13678
-18568
88851
-43505
72179
-62117
-44786
-40346
-10332
66456
7682
-39482
-85133
-32670
-79083
48679
-20348
43527
37839
-12656
52305
61956
54312
92186
76008
-90379
-32434
51590
9488
98422
-34951
11119
41747
-14292
56747
86233
92608
-14055
-37879
-44633
22677
79811
-22820
-65362
-47002
-23917
76462
62240
94760
85388
-29127
-13880
55643
-56475
70803
69649
-46734
13031
-76398
-20021
65524
-4918
-50445
95530
-10651
80868
-54643
22574
84063
-5813
72964
80510
50712
21626
-18483
35584
13609
-17368
-15031
16237
-74563
6599
38683
83360
-56914
55572
-8434
-24432
5573
-97050
-8119
-93757
-56936
63291
63877
-23780
-75118
95893
96688
23620
7624
-6861
-95392
53785
-50316
-35844
-14416
14094
57125
32335
-41460
-80060
-97220
-52385
-78055
96777
62840
5788
-94915
-59666
-51956
85882
45485
86282
-54460
-45746
-77112
46652
-55558
-41287
-88954
-49821
-9125
12429
73613
64736
-86266
-16053
83905
73353
-70642
-19033
21314
44221
-44904
78550
27557
17364
73148
-51412
-49035
-44471
-48106
38380
-67388
-73584
-37816
55624
-82701
-30090
-93306
-39928
-6879
-19251
19739
60983
23235
17782
-42927
-54102
65754
68619
540
34635
69828
-14354
-8397
53923
-99821
10976
-50740
61208
83882
78265
-83753
95030
38920
-36096
13249
35370
25966
32222
-22974
-16482
-19940
-11575
-75225
-94627
-2400
-62605
90951
-1556
-69990
-65788
-22071
-12499
68485
-50216
-25880
40495
25486
-41549
-35268
-22474
50933
48267
70445
14296
-47416
-83235
57593
80293
91949
24447
13656
97872
31111
-40769
80105
93216
-40366
-23909
78931
-40099
-66973
-92469
89798
-23371
10953
-33953
-41153
37332
-79378
-29793
-56780
-54280
-73447
-875
-36950
98714
-6601
53551
-77874
-24302
54845
-99350
18967
28508
19977
-26814
-26397
-73443
42933
56412
1158
-78526
-22856
-9271
5408
32420
-36782
-41330
-96438
70701
9297
-59536
-57276
-47745
9375
74901
-6799
47065
19573
18954
90278
6118
-97822
-14794
16796
90512
31269
-86046
-51464
87718
-89829
-19648
-65517
22507
-42195
-17473
-24900
97102
80021
58455
-56339
-555
-88367
80092
64577
54899
85034
70218
-94775
-34229
49831
7872
-48210
-3421
-7933
-21960
-7112
37958
-75252
-66221
85138
-75071
58425
18578
-75158
-16985
-35966
53747
54420
-38820
-15624
73846
37260
-99211
69871
34722
-42137
-81356
71300
-61853
-62603
56334
-2608
61711
-15580
6348
18042
-59731
26472
72617
99668
19984
55150
-19124
58417
56311
-65739
12136
99482
98773
-31705
-850
46353
58704
56985
22798
-67766
-13506
-86960
87212
83628
23130
-87694
-32385
9059
-30826
-67507
68353
-58862
-36344
-25148
-49914
76051
16047
75507
10095
97238
94824
-20772
-32816
-68653
-33336
-35195
-80130
3632
-18762
-64330
74514
-88980
4782
-59083
-90818
48502
16227
-92264
61759
-62992
72181
67359
-56422
2823
60394
2553
84444
84970
-4131
-51951
-25488
99490
-52093
-10373
86057
71475
95011
43332
-93896
-36553
56314
51908
54630
54542
84588
-66461
-45568
-75373
35485
75358
-44636
-81746
-58057
-4565
69398
18289
23384
-85013
73113
-1554
-90224
83764
-99424
-50429
72496
-21748
-20595
-55492
-72446
-89605
46290
5163
34413
65604
-79182
-66623
61513
-19209
54667
54810
81534
-19023
41941
-53293
-3566
-35767
39284
23787
-72833
-63784
87066
78570
-55459
77706
94871
-40063
35920
17472
41852
13588
-61571
-3395
-80925
-64695
-29050
10492
49363
25404
23378
-9680
-39956
61028
34399
-95858
40413
14006
-14976
-68676
-42833
-26312
-90973
69048
61901
-96861
22207
47078
48411
94471
63888
68142
15505
41251
11011
92838
91708
80061
63901
-95443
-68292
66187
51681
-7882
56895
-92411
94151
-63134
-9351
-27740
15441
-60479
6474
-57109
-64571
-9637
-52310
30289
-31157
-38687
81302
3796
47406
83937
-52155
-91091
-19817
-61068
42913
82070
42050
-55751
-51239
10876
-59213
31787
2489
58951
58528
74226
95240
-88640
-50360
83044
73108
-50990
64449
36985
98299
-13291
-18146
75916
-5061
12064
12782
-9609
-78339
-5610
16814
97343
21345
87070
42069
75438
-72722
64802
60489
-12533
-34134
-81269
34867
-24560
629
69100
53903
-22362
-63997
39302
-89942
84800
-91892
60461
54315
38965
9752
-11710
93317
30568
-95919
8608
-95651
-49649
-69610
90868
-16346
-53348
-60398
-66885
-1831
43081
58784
7427
-67808
46225
-55709
-33086
-8502
22504
-3523
20101
-77347
-44572
66242
-10890
-16918
-27740
-71232
-55832
-67607
-72055
-93460
316
-31287
-7007
-86686
77096
42503
42621
-49728
11057
24598
55535
49431
-73737
58730
-24439
48002
19287
-30815
-1597
-60041
-8469
22810
43146
-62535
-98696
8656
99609
-62229
-80437
-17014
57637
-72710
-29533
-18014
-49048
-25654
-29092
-68494
-83379
53633
56748
24111
52736
-74962
16072
-5788
-28683
-21039
-75541
-99983
32636
77195
-34184
-3533
82106
-31550
26944
-76647
12627
-88703
54125
5242
11353
73262
82088
78746
84184
-14663
-26297
-36051
-87992
41564
6063
-89019
13094
62003
76651
-12189
-27253
97376
92373
-23713
-59251
99205
47945
-78819
59919
1962
-83071
-91573
25814
98221
-46846
-29213
70644
-59642
-47293
44819
32843
63095
-16182
94138
-26792
-54973
-55395
-16641
-36216
-67843
98908
-213
-79842
4092
-77784
-52455
81753
28163
54484
-76161
-67821
-68219
-10144
44119
77850
-73686
-26498
-79722
81225
-23415
-8278
-36499
13507
42632
-31635
-51331
30027
13719
85206
30947
64117
76437
44939
20498
-78576
-46456
3903
-84973
52655
-70443
-83949
-24884
-88697
40445
96006
-6104
24706
64137
-28422
-31000
47246
60060
-94
60581
97311
-40879
80135
-21804
-89335
29737
36510
53656
90756
48997
84553
11465
78999
-3444
34058
17849
-13961
-63803
19315
10811
2799
63846
15534
-62134
-67710
43524
73289
-9629
-30373
-58088
-72700
91815
-51987
11508
-18315
-82859
94453
-93548
92723
35842
-71167
-88527
-37177
3397
95199
-20477
14853
-8175
-72763
-62098
-25676
-6558
-92464
-45005
-73525
-90544
80365
36850
669
-12484
16234
58257
27463
-9664
26255
8882
29463
-58945
25750
-73878
-69980
48898
-70752
-51007
83182
-75
70637
-42694
-64067
-15908
-80948
-42206
-90022
18576
21064
14299
-35747
-96836
-10732
-33841
61217
35633
60546
-51056
63987
85834
513
2937
-83420
-36759
98511
15943
-9566
-61932
-56871
68984
-88067
7257
-334
-57561
-51354
-78037
18001
39004
-50918
-65148
-23578
98831
85470
-66516
-30748
-86965
-42073
-57898
-77542
-36371
-14029
-67478
-99970
42047
-91285
79102
-58230
61866
37939
22667
30446
-65369
-31288
-91629
-23768
-58038
-6072
11190
22764
75039
-97236
5449
13016
9857
-9090
-92327
-79730
78222
-33173
-57340
-6158
-53871
45408
-88214
-44904
22309
-48353
-14496
95577
-5574
30218
74985
81066
-8451
90556
-7939
-94145
-76949
-36837
-57721
17696
52468
-25133
98767
-58591
-71772
-32702
-88109
14378
-67047
-78738
-20799
17914
-4220
33379
-93825
36005
72670
-65063
36811
-31122
51137
-96532
84301
93499
80236
62614
-55180
19558
-92690
67804
-34307
-33371
-87325
-51700
83923
-48952
-36002
81833
-91475
52752
-76120
4276
77382
-4740
7647
45896
-30513
-17973
40123
-24910
-40817
-46965
24999
67799
71374
-56136
49332
-97375
-44368
-17557
40854
-94908
-75900
95770
-32884
-74657
40425
-232
-59542
-45035
57409
-88542
80101
-48110
-7328
82078
-2895
-87883
-26558
21337
Sort type: Up
time:0.695s
Count: 1954
After
-99983
-99970
-99840
-99821
-99764
-99733
-99685
-99520
-99434
-99424
-99359
-99350
-99211
-99137
-98941
-98714
-98696
-98361
-98152
-98137
-97828
-97822
-97817
-97375
-97312
-97236
-97220
-97195
-97108
-97050
-97013
-96861
-96836
-96532
-96438
-96218
-96012
-95919
-95858
-95780
-95726
-95651
-95443
-95392
-94915
-94908
-94775
-94627
-94145
-93896
-93825
-93757
-93723
-93606
-93591
-93584
-93548
-93460
-93333
-93306
-92736
-92690
-92511
-92469
-92469
-92464
-92411
-92327
-92264
-92114
-92002
-91892
-91881
-91629
-91573
-91519
-91475
-91459
-91422
-91369
-91285
-91111
-91091
-91044
-91003
-90973
-90902
-90891
-90818
-90544
-90535
-90418
-90379
-90250
-90224
-90199
-90085
-90022
-90011
-89942
-89829
-89605
-89412
-89335
-89285
-89255
-89181
-89019
-88989
-88980
-88964
-88954
-88703
-88700
-88697
-88640
-88542
-88527
-88479
-88367
-88214
-88109
-88067
-88041
-87992
-87883
-87879
-87694
-87495
-87390
-87325
-87066
-86965
-86960
-86686
-86620
-86401
-86266
-86070
-86046
-85726
-85597
-85589
-85454
-85213
-85208
-85133
-85013
-84973
-84923
-84502
-84445
-84396
-84381
-83949
-83753
-83747
-83439
-83420
-83379
-83270
-83261
-83235
-83071
-83020
-82859
-82701
-82177
-82002
-81746
-81474
-81372
-81356
-81269
-81226
-81197
-80973
-80948
-80925
-80915
-80839
-80456
-80437
-80159
-80130
-80060
-80005
-79953
-79842
-79730
-79722
-79702
-79491
-79474
-79378
-79182
-79083
-79007
-78944
-78819
-78738
-78649
-78629
-78576
-78526
-78339
-78319
-78196
-78055
-78037
-77874
-77784
-77542
-77347
-77324
-77295
-77197
-77119
-77112
-76985
-76949
-76931
-76873
-76859
-76786
-76722
-76647
-76526
-76398
-76161
-76120
-75900
-75870
-75864
-75541
-75373
-75252
-75225
-75158
-75121
-75118
-75071
-74962
-74657
-74563
-74110
-74059
-73878
-73788
-73737
-73686
-73610
-73589
-73584
-73535
-73525
-73447
-73443
-73299
-73041
-72833
-72763
-72722
-72710
-72709
-72700
-72675
-72534
-72446
-72147
-72097
-72055
-71772
-71670
-71547
-71232
-71229
-71180
-71167
-70752
-70735
-70642
-70592
-70547
-70482
-70443
-70137
-69990
-69980
-69930
-69610
-69577
-69091
-68965
-68899
-68676
-68670
-68653
-68494
-68447
-68408
-68292
-68219
-67986
-67952
-67843
-67821
-67808
-67766
-67710
-67607
-67578
-67507
-67478
-67465
-67388
-67329
-67203
-67047
-66973
-66943
-66925
-66920
-66885
-66829
-66623
-66516
-66461
-66221
-66020
-65788
-65739
-65641
-65627
-65608
-65587
-65517
-65481
-65369
-65362
-65148
-65063
-64939
-64792
-64714
-64695
-64571
-64502
-64358
-64330
-64074
-64067
-63997
-63976
-63803
-63784
-63747
-63580
-63426
-63374
-63134
-63134
-62992
-62876
-62868
-62684
-62605
-62603
-62535
-62229
-62183
-62134
-62117
-62098
-61932
-61859
-61853
-61767
-61571
-61078
-61068
-60782
-60764
-60713
-60659
-60551
-60479
-60398
-60262
-60250
-60041
-59731
-59685
-59666
-59642
-59542
-59536
-59536
-59394
-59320
-59251
-59213
-59196
-59083
-58986
-58945
-58862
-58591
-58263
-58230
-58088
-58057
-58038
-57898
-57721
-57708
-57561
-57549
-57340
-57279
-57276
-57179
-57156
-57133
-57128
-57109
-57107
-56936
-56914
-56898
-56871
-56780
-56718
-56475
-56422
-56339
-56258
-56136
-56123
-56007
-55973
-55919
-55832
-55751
-55709
-55703
-55558
-55541
-55492
-55459
-55422
-55395
-55368
-55348
-55277
-55215
-55180
-54973
-54750
-54691
-54650
-54643
-54460
-54458
-54438
-54280
-54102
-53909
-53871
-53348
-53304
-53303
-53293
-53128
-52883
-52685
-52455
-52385
-52385
-52310
-52248
-52230
-52230
-52155
-52093
-52062
-51987
-51956
-51951
-51700
-51698
-51534
-51517
-51464
-51412
-51396
-51354
-51350
-51331
-51239
-51056
-51007
-50990
-50918
-50740
-50739
-50650
-50445
-50429
-50360
-50317
-50316
-50231
-50216
-50163
-50081
-50033
-49914
-49821
-49728
-49652
-49649
-49210
-49124
-49079
-49048
-49035
-48952
-48528
-48496
-48412
-48353
-48310
-48210
-48110
-48106
-47960
-47745
-47522
-47416
-47326
-47293
-47144
-47140
-47002
-46965
-46940
-46846
-46790
-46765
-46740
-46734
-46554
-46516
-46495
-46456
-46255
-45746
-45568
-45543
-45484
-45375
-45035
-45005
-44904
-44904
-44786
-44764
-44684
-44636
-44633
-44572
-44539
-44472
-44471
-44460
-44368
-44138
-44006
-43808
-43703
-43505
-43477
-43319
-43229
-42927
-42901
-42866
-42833
-42796
-42736
-42694
-42532
-42206
-42195
-42153
-42137
-42075
-42073
-42062
-41810
-41806
-41753
-41549
-41460
-41330
-41287
-41153
-41028
-40879
-40817
-40775
-40769
-40756
-40695
-40517
-40448
-40366
-40346
-40319
-40232
-40099
-40063
-39956
-39928
-39574
-39482
-39409
-39168
-39089
-38979
-38934
-38820
-38687
-38485
-38355
-38199
-38175
-38015
-37879
-37816
-37620
-37399
-37261
-37179
-37177
-36950
-36837
-36816
-36782
-36759
-36569
-36553
-36551
-36499
-36387
-36371
-36344
-36301
-36216
-36152
-36100
-36096
-36051
-36002
-35966
-35844
-35767
-35747
-35496
-35268
-35195
-35116
-35074
-35063
-34996
-34951
-34923
-34852
-34692
-34550
-34307
-34229
-34184
-34184
-34134
-33953
-33841
-33773
-33687
-33371
-33336
-33173
-33162
-33086
-32918
-32884
-32879
-32816
-32702
-32670
-32668
-32461
-32453
-32434
-32385
-32352
-32344
-32239
-31705
-31635
-31550
-31390
-31288
-31287
-31157
-31122
-31000
-30826
-30815
-30752
-30748
-30742
-30513
-30373
-30090
-29793
-29784
-29704
-29533
-29519
-29486
-29357
-29323
-29267
-29260
-29213
-29143
-29127
-29092
-29068
-29050
-28908
-28683
-28560
-28485
-28422
-28310
-28203
-27866
-27740
-27740
-27712
-27578
-27427
-27378
-27253
-26814
-26792
-26617
-26558
-26498
-26397
-26312
-26297
-26038
-25880
-25752
-25676
-25658
-25654
-25581
-25488
-25148
-25133
-24910
-24900
-24884
-24820
-24560
-24439
-24432
-24302
-24087
-24038
-23997
-23922
-23917
-23909
-23892
-23780
-23768
-23750
-23713
-23643
-23615
-23578
-23415
-23371
-23240
-23046
-22974
-22874
-22856
-22844
-22839
-22820
-22768
-22661
-22520
-22474
-22362
-22321
-22282
-22166
-22071
-22011
-21960
-21804
-21748
-21321
-21181
-21039
-20801
-20799
-20772
-20595
-20477
-20431
-20348
-20115
-20021
-19940
-19817
-19672
-19648
-19548
-19342
-19251
-19209
-19124
-19033
-19023
-18762
-18568
-18483
-18382
-18315
-18290
-18146
-18138
-18014
-18013
-17991
-17973
-17807
-17651
-17557
-17473
-17391
-17368
-17087
-17014
-16985
-16918
-16641
-16482
-16456
-16346
-16182
-16053
-15982
-15908
-15624
-15580
-15564
-15266
-15031
-14998
-14976
-14808
-14794
-14709
-14686
-14663
-14639
-14586
-14496
-14416
-14354
-14292
-14055
-14029
-13965
-13961
-13933
-13929
-13880
-13756
-13683
-13678
-13627
-13506
-13291
-12831
-12658
-12656
-12533
-12499
-12495
-12484
-12189
-11836
-11816
-11710
-11575
-11092
-10890
-10803
-10732
-10651
-10373
-10332
-10247
-10164
-10144
-10012
-9948
-9879
-9870
-9680
-9664
-9637
-9629
-9609
-9603
-9566
-9505
-9393
-9383
-9351
-9345
-9271
-9239
-9125
-9090
-9022
-8720
-8678
-8595
-8502
-8469
-8451
-8434
-8397
-8354
-8278
-8215
-8175
-8119
-8097
-7939
-7933
-7882
-7826
-7798
-7634
-7540
-7504
-7328
-7112
-7007
-6992
-6879
-6861
-6799
-6791
-6780
-6677
-6611
-6601
-6585
-6558
-6453
-6171
-6158
-6104
-6072
-6053
-5993
-5876
-5813
-5788
-5782
-5610
-5574
-5434
-5319
-5061
-4918
-4779
-4740
-4585
-4565
-4530
-4220
-4131
-4064
-3786
-3784
-3566
-3533
-3523
-3444
-3421
-3395
-3223
-3165
-2895
-2608
-2576
-2464
-2400
-2371
-2097
-2080
-2042
-1894
-1831
-1700
-1628
-1597
-1556
-1554
-1036
-875
-850
-780
-773
-555
-334
-232
-213
-198
-187
-94
-75
9
240
316
392
513
540
629
669
776
945
1149
1158
1205
1216
1569
1611
1621
1708
1786
1878
1907
1962
2357
2372
2489
2510
2553
2691
2799
2823
2937
3088
3205
3309
3397
3632
3641
3796
3880
3903
4092
4113
4220
4276
4313
4438
4782
5163
5242
5408
5449
5573
5663
5788
5900
6063
6118
6247
6348
6474
6599
6821
7257
7427
7428
7580
7624
7647
7682
7872
7912
8364
8608
8656
8882
8917
8966
9031
9059
9121
9297
9375
9379
9488
9549
9749
9752
9857
10095
10317
10353
10492
10811
10876
10953
10976
11011
11057
11119
11190
11353
11370
11378
11465
11508
12064
12136
12284
12310
12429
12482
12627
12782
12799
13016
13031
13094
13169
13249
13363
13454
13507
13588
13609
13656
13703
13719
14006
14062
14084
14094
14296
14299
14378
14464
14564
14853
14983
15441
15505
15534
15936
15943
16047
16072
16136
16141
16227
16234
16237
16456
16699
16796
16814
16822
17063
17276
17364
17387
17472
17696
17700
17782
17784
17849
17898
17914
18001
18001
18006
18026
18042
18044
18181
18289
18576
18578
18754
18954
18967
19010
19089
19263
19287
19315
19476
19558
19573
19655
19739
19977
19984
20101
20476
20498
20595
20956
21020
21064
21186
21314
21337
21345
21450
21626
21678
21758
21763
21770
21875
22138
22207
22309
22312
22446
22504
22507
22574
22667
22677
22764
22798
22802
22810
23038
23130
23235
23378
23384
23554
23620
23787
24003
24016
24074
24109
24111
24112
24271
24447
24509
24525
24598
24617
24706
24776
24999
25138
25224
25251
25404
25486
25508
25750
25814
25966
26113
26186
26209
26255
26296
26311
26355
26472
26629
26836
26944
26972
27463
27557
27577
27701
28163
28277
28508
28790
29463
29737
29815
29891
30027
30065
30218
30289
30446
30568
30947
31111
31269
31451
31609
31630
31787
31792
31821
32030
32163
32222
32296
32335
32420
32539
32592
32636
32843
32959
33170
33325
33379
33440
33490
34058
34064
34111
34260
34281
34399
34413
34585
34635
34722
34867
34940
35099
35120
35229
35295
35370
35485
35503
35584
35633
35842
35844
35920
36005
36048
36092
36339
36412
36482
36510
36513
36765
36811
36832
36850
36985
37147
37222
37260
37332
37398
37748
37783
37794
37839
37939
37958
38120
38197
38314
38348
38380
38431
38683
38801
38920
38965
39004
39020
39284
39302
40123
40413
40425
40445
40495
40675
40676
40815
40854
41017
41125
41152
41251
41288
41365
41504
41564
41746
41747
41852
41941
42047
42050
42069
42224
42400
42503
42570
42603
42621
42632
42642
42713
42739
42911
42913
42933
42943
43074
43081
43085
43146
43291
43332
43508
43524
43527
43681
43902
44119
44180
44221
44559
44611
44680
44819
44939
45030
45350
45408
45460
45485
45679
45896
46061
46225
46290
46353
46514
46535
46652
46688
46971
47065
47078
47079
47246
47384
47406
47510
47778
47945
48002
48267
48411
48502
48537
48613
48679
48679
48898
48997
49092
49332
49363
49431
49576
49606
49665
49809
49831
50119
50712
50892
50932
50933
51034
51137
51590
51677
51681
51818
51908
52051
52100
52305
52468
52655
52736
52752
53170
53226
53241
53346
53551
53570
53572
53633
53656
53747
53785
53796
53903
53923
54125
54214
54312
54315
54363
54420
54484
54542
54630
54667
54810
54845
54899
55150
55535
55572
55618
55624
55643
55658
55780
55784
55903
55971
56311
56314
56334
56412
56472
56743
56747
56748
56895
56985
57125
57148
57384
57409
57593
57637
57716
57732
57787
57827
57848
58257
58287
58417
58425
58455
58528
58704
58730
58784
58831
58951
59202
59227
59283
59881
59919
60060
60394
60461
60489
60546
60581
60659
60983
61028
61208
61217
61225
61308
61344
61409
61513
61589
61711
61759
61866
61901
61956
62003
62197
62240
62614
62654
62709
62740
62840
62904
63095
63146
63213
63291
63640
63643
63783
63846
63877
63888
63901
63903
63987
64117
64137
64449
64577
64729
64736
64802
64804
64866
65265
65283
65335
65524
65604
65754
66004
66187
66242
66456
66628
66736
67215
67359
67760
67799
67803
67804
68105
68142
68148
68353
68426
68485
68619
68814
68901
68984
69048
69056
69100
69245
69398
69582
69649
69816
69828
69871
70122
70218
70384
70445
70637
70644
70701
70763
70803
70832
70917
71109
71240
71300
71374
71475
71511
71567
71815
71995
72047
72179
72181
72362
72403
72496
72617
72670
72691
72739
72867
72893
72964
73108
73110
73113
73148
73262
73289
73353
73613
73846
73971
74196
74226
74320
74514
74587
74901
74977
74985
75039
75086
75262
75358
75438
75455
75507
75604
75704
75916
76008
76051
76101
76437
76462
76651
76873
77096
77195
77222
77341
77382
77382
77414
77509
77682
77693
77706
77837
77850
77872
78212
78222
78265
78546
78550
78570
78744
78746
78931
78935
78999
79102
79404
79811
80021
80061
80092
80101
80105
80135
80236
80293
80340
80353
80365
80510
80868
81066
81104
81225
81302
81305
81534
81753
81833
82070
82078
82088
82106
82179
82240
82303
83044
83124
83182
83206
83360
83628
83764
83882
83905
83923
83937
84035
84063
84102
84132
84184
84209
84225
84301
84433
84444
84485
84553
84588
84800
84825
84970
85034
85138
85206
85388
85470
85789
85834
85882
86018
86057
86137
86233
86282
86543
86603
87066
87070
87114
87182
87212
87319
87718
87777
87814
87845
88225
88505
88507
88829
88851
88858
89253
89798
90214
90253
90276
90278
90365
90400
90498
90512
90556
90559
90756
90868
90901
90951
91002
91253
91708
91736
91740
91755
91815
91949
92073
92158
92186
92209
92220
92373
92414
92608
92723
92838
93058
93149
93216
93317
93471
93499
93564
93849
94138
94151
94229
94379
94453
94471
94760
94778
94824
94871
94888
95011
95030
95186
95197
95199
95240
95388
95530
95577
95770
95893
95945
96006
96040
96049
96135
96233
96606
96688
96777
96865
96876
96879
96909
97042
97102
97134
97238
97311
97343
97376
97591
97788
97805
97872
98066
98221
98299
98386
98422
98511
98611
98613
98628
98714
98767
98773
98789
98831
98908
99205
99320
99427
99452
99482
99490
99535
99609
99668
