list length:  200
Before
216.82291213341273
604.4784108448923
891.794176313231
-313.34191154618134
525.5820932702736
-237.97737156705546
-229.11949477060216
-120.9193031523854
462.5094950474843
325.81317149863435
-920.6229483027417
-323.97405026222816
392.20730314376715
555.1367401592415
-24.516056351833186
649.869771077779
847.4408797568674
820.9151493238637
750.7601316317321
343.090353539701
-706.5636534339233
-934.8044229343384
294.53340851823486
-298.2644784720758
721.9602802817058
394.1810157052423
916.6022402496017
980.7470829788056
-930.3482534063656
-492.0740654773843
-302.3399144390311
-958.809318934388
-80.26820722290279
751.4352878477403
-687.241644431765
277.065435811465
526.2355581233262
749.5062045947636
-193.32044486873087
704.4625448583433
841.1768335449897
916.0879112354999
9.450694366790458
712.3807988122735
37.949675404905065
471.2876814047329
-489.9954651154905
75.81819370137691
44.30014046681504
207.65039215601473
-280.0021915420359
-788.793799489214
-135.4861441702801
398.7489162157708
485.0653151077206
689.474156734175
752.1999307019316
-759.7005461643103
91.16120137940516
-43.32800358404688
-565.3450624125884
424.7622960231272
550.4231974759891
-11.036912462275382
-417.7189774660046
292.9044792126624
665.8481148488277
298.76092242050845
233.4332003201655
-259.8342540753782
-114.19883046902737
654.0780543840049
-498.80297199100323
65.72645847214699
-79.54405491851378
842.8545030312393
585.4871703658946
-782.369774750475
591.3206070367632
-775.6709717567338
-553.4318269558922
179.5315307358585
-491.0779763348947
-720.9888491165486
766.8662686110415
-819.3749958663934
-77.81917894788864
882.9893640634098
275.7533049085032
406.60585179202303
-911.4459264810224
-435.69253354073
-835.7825118479307
735.0106319583988
566.7870272720788
339.96373649518887
325.8444603958628
421.2665558422816
-135.0428018034744
-800.9828887797548
-483.0042989964711
-865.0851547926459
-489.8187421940192
-91.47931538522846
946.7940366328019
-713.3524356146999
-524.4439135479238
-230.0991360048614
892.2285042968904
-786.431197337597
-490.5493208337062
874.3368986883136
125.65184369775761
150.46015430537682
545.1700371662969
554.5545740324578
651.5030125765395
-915.1796600222424
-529.9741895930222
-228.1387493891733
698.1595056580863
-477.0523502033883
-985.5264617931318
835.9236358922619
-875.6885284321135
567.8169342929718
608.485886027443
-607.2340191967419
-833.6352331269867
319.2940079120758
-868.6197220627605
442.0037684254205
904.3134394292224
377.10791118980046
-109.00225980267828
527.9794061945263
-55.22904296126626
-306.10954333717007
-405.6180171173045
-685.8684018260435
791.1011775252609
-578.6979938003665
-334.8663961081402
-67.12333915404417
-794.9165502882909
575.7854608986347
-948.0517552909596
375.8219994968756
-132.18354885609585
-751.8676675916473
-314.66245072017625
27.422148068236083
-364.0169139721237
-597.2161613606179
-335.49832107646284
567.3728377038944
-61.628510572358664
669.660436899929
-125.5381298060156
-684.6142976889806
-237.36944504199857
-390.7971447391483
-397.3031857651206
772.7303735148128
135.69122599754382
-747.8622348587878
437.8255262415289
-343.0001242246452
815.7259395324595
-641.7339483573778
-896.1977305558253
-620.4223677002341
-764.2652845419948
570.4130631037942
-455.3103830010874
555.9288957060962
-15.09869555362718
-805.9152602309465
-945.6407185884428
-824.1044872162483
318.2224598419705
613.5575176748428
-29.938448917933783
-386.950818148551
-288.83465004945367
289.6231313379774
844.58715215956
-903.0824930941386
738.7912440363443
-163.60736001136854
-584.5707351023814
-131.87651438597345
231.49911119717535
73.26738904642116
-456.2165118045525
713.7911643053326
-847.4703783579005
-452.8918462783331
-738.965345428021
564.9606453913082
Sort type: Up
time:0.006s
Count: 182
After
-985.5264617931318
-958.809318934388
-948.0517552909596
-945.6407185884428
-934.8044229343384
-930.3482534063656
-920.6229483027417
-915.1796600222424
-911.4459264810224
-903.0824930941386
-896.1977305558253
-875.6885284321135
-868.6197220627605
-865.0851547926459
-847.4703783579005
-835.7825118479307
-833.6352331269867
-824.1044872162483
-819.3749958663934
-805.9152602309465
-800.9828887797548
-794.9165502882909
-788.793799489214
-786.431197337597
-782.369774750475
-775.6709717567338
-764.2652845419948
-759.7005461643103
-751.8676675916473
-747.8622348587878
-738.965345428021
-720.9888491165486
-713.3524356146999
-706.5636534339233
-687.241644431765
-685.8684018260435
-684.6142976889806
-641.7339483573778
-620.4223677002341
-607.2340191967419
-597.2161613606179
-584.5707351023814
-578.6979938003665
-565.3450624125884
-553.4318269558922
-529.9741895930222
-524.4439135479238
-498.80297199100323
-492.0740654773843
-491.0779763348947
-490.5493208337062
-489.9954651154905
-489.8187421940192
-483.0042989964711
-477.0523502033883
-456.2165118045525
-455.3103830010874
-452.8918462783331
-435.69253354073
-417.7189774660046
-405.6180171173045
-397.3031857651206
-390.7971447391483
-386.950818148551
-364.0169139721237
-343.0001242246452
-335.49832107646284
-334.8663961081402
-323.97405026222816
-314.66245072017625
-313.34191154618134
-306.10954333717007
-302.3399144390311
-298.2644784720758
-288.83465004945367
-280.0021915420359
-259.8342540753782
-237.97737156705546
-237.36944504199857
-230.0991360048614
-229.11949477060216
-228.1387493891733
-193.32044486873087
-163.60736001136854
-135.4861441702801
-135.0428018034744
-132.18354885609585
-131.87651438597345
-125.5381298060156
-120.9193031523854
-114.19883046902737
-109.00225980267828
-91.47931538522846
-80.26820722290279
-79.54405491851378
-77.81917894788864
-67.12333915404417
-61.628510572358664
-55.22904296126626
-43.32800358404688
-29.938448917933783
-24.516056351833186
-15.09869555362718
-11.036912462275382
9.450694366790458
27.422148068236083
37.949675404905065
44.30014046681504
65.72645847214699
73.26738904642116
75.81819370137691
91.16120137940516
125.65184369775761
135.69122599754382
150.46015430537682
179.5315307358585
207.65039215601473
216.82291213341273
231.49911119717535
233.4332003201655
275.7533049085032
277.065435811465
289.6231313379774
292.9044792126624
294.53340851823486
298.76092242050845
318.2224598419705
319.2940079120758
325.81317149863435
325.8444603958628
339.96373649518887
343.090353539701
375.8219994968756
377.10791118980046
392.20730314376715
394.1810157052423
398.7489162157708
406.60585179202303
421.2665558422816
424.7622960231272
437.8255262415289
442.0037684254205
462.5094950474843
471.2876814047329
485.0653151077206
525.5820932702736
526.2355581233262
527.9794061945263
545.1700371662969
550.4231974759891
554.5545740324578
555.1367401592415
555.9288957060962
564.9606453913082
566.7870272720788
567.3728377038944
567.8169342929718
570.4130631037942
575.7854608986347
585.4871703658946
591.3206070367632
604.4784108448923
608.485886027443
613.5575176748428
649.869771077779
651.5030125765395
654.0780543840049
665.8481148488277
669.660436899929
689.474156734175
698.1595056580863
704.4625448583433
712.3807988122735
713.7911643053326
721.9602802817058
735.0106319583988
738.7912440363443
749.5062045947636
750.7601316317321
751.4352878477403
752.1999307019316
766.8662686110415
772.7303735148128
791.1011775252609
815.7259395324595
820.9151493238637
835.9236358922619
841.1768335449897
842.8545030312393
844.58715215956
847.4408797568674
874.3368986883136
882.9893640634098
891.794176313231
892.2285042968904
904.3134394292224
916.0879112354999
916.6022402496017
946.7940366328019
980.7470829788056
